MEME version 4

ALPHABET= ACGT

Background letter frequencies:
A 0.2500 C 0.2500 G 0.2500 T 0.2500

MOTIF filter0
letter-probability matrix: alength= 4 w= 15 nsites= 137 E= 0
0.0851 0.0284 0.3121 0.5745
0.3475 0.0496 0.0638 0.5390
0.1277 0.2340 0.1489 0.4894
0.4610 0.2482 0.1915 0.0993
0.3546 0.0284 0.2057 0.4113
0.2908 0.3830 0.3050 0.0213
0.3121 0.3191 0.3546 0.0142
0.0496 0.2908 0.0638 0.5957
0.2270 0.0496 0.3191 0.4043
0.1135 0.4610 0.3333 0.0922
0.7305 0.0284 0.1135 0.1277
0.0071 0.0071 0.9787 0.0071
0.0071 0.0071 0.9645 0.0213
0.8298 0.0071 0.0071 0.1560
0.0071 0.0851 0.0071 0.9007

MOTIF filter1
letter-probability matrix: alength= 4 w= 15 nsites= 55 E= 0
0.0339 0.7458 0.1864 0.0339
0.0169 0.9153 0.0339 0.0339
0.0169 0.7627 0.2034 0.0169
0.0169 0.4237 0.3390 0.2203
0.0169 0.7119 0.0847 0.1864
0.0169 0.2373 0.3390 0.4068
0.5424 0.3390 0.0339 0.0847
0.3729 0.0339 0.4237 0.1695
0.8644 0.0169 0.0339 0.0847
0.0169 0.8305 0.0339 0.1186
0.0339 0.1695 0.5085 0.2881
0.1186 0.0169 0.6102 0.2542
0.1186 0.2712 0.5424 0.0678
0.0847 0.0169 0.2881 0.6102
0.0169 0.1356 0.0169 0.8305

MOTIF filter2
letter-probability matrix: alength= 4 w= 15 nsites= 76 E= 0
0.0500 0.9125 0.0250 0.0125
0.0250 0.9125 0.0125 0.0500
0.1000 0.8625 0.0125 0.0250
0.0250 0.9500 0.0125 0.0125
0.0125 0.9500 0.0125 0.0250
0.0125 0.9375 0.0125 0.0375
0.0125 0.9375 0.0125 0.0375
0.2250 0.3625 0.2250 0.1875
0.2125 0.2875 0.1625 0.3375
0.1375 0.3375 0.2250 0.3000
0.2875 0.1375 0.2250 0.3500
0.2750 0.1875 0.2500 0.2875
0.2375 0.1875 0.2750 0.3000
0.2375 0.2875 0.2000 0.2750
0.2750 0.2000 0.2875 0.2375

MOTIF filter3
letter-probability matrix: alength= 4 w= 15 nsites= 27 E= 0
0.3226 0.0323 0.1613 0.4839
0.3548 0.0645 0.3548 0.2258
0.0323 0.1935 0.7419 0.0323
0.8065 0.0323 0.1290 0.0323
0.0968 0.8065 0.0645 0.0323
0.7097 0.0645 0.1935 0.0323
0.6452 0.0323 0.1935 0.1290
0.0323 0.9032 0.0323 0.0323
0.0323 0.1935 0.2258 0.5484
0.0645 0.0323 0.0645 0.8387
0.0968 0.1613 0.4516 0.2903
0.1935 0.0645 0.0968 0.6452
0.2258 0.2903 0.0323 0.4516
0.0323 0.0323 0.9032 0.0323
0.1290 0.2903 0.3871 0.1935

MOTIF filter4
letter-probability matrix: alength= 4 w= 15 nsites= 63 E= 0
0.1343 0.2239 0.6269 0.0149
0.3881 0.4179 0.0896 0.1045
0.0448 0.5522 0.3731 0.0299
0.1642 0.7910 0.0299 0.0149
0.0149 0.7761 0.1940 0.0149
0.0299 0.8955 0.0299 0.0448
0.1194 0.5075 0.3582 0.0149
0.0448 0.8657 0.0746 0.0149
0.1791 0.5373 0.1940 0.0896
0.0896 0.8657 0.0299 0.0149
0.0149 0.8209 0.0746 0.0896
0.3731 0.3731 0.1194 0.1343
0.2388 0.3134 0.3881 0.0597
0.1493 0.0896 0.6866 0.0746
0.0597 0.1791 0.5821 0.1791

MOTIF filter5
letter-probability matrix: alength= 4 w= 15 nsites= 119 E= 0
0.0650 0.3089 0.0813 0.5447
0.0976 0.7398 0.0894 0.0732
0.2927 0.5447 0.0894 0.0732
0.0488 0.5528 0.1138 0.2846
0.0081 0.3171 0.0244 0.6504
0.0081 0.5285 0.3577 0.1057
0.0163 0.9024 0.0650 0.0163
0.2033 0.6504 0.0325 0.1138
0.5691 0.2358 0.1220 0.0732
0.0488 0.3659 0.5528 0.0325
0.0081 0.0732 0.9106 0.0081
0.4146 0.0488 0.4390 0.0976
0.1138 0.2520 0.0081 0.6260
0.3496 0.3333 0.0244 0.2927
0.8537 0.0325 0.1057 0.0081

MOTIF filter6
letter-probability matrix: alength= 4 w= 15 nsites= 109 E= 0
0.0354 0.0885 0.5398 0.3363
0.0973 0.0088 0.1327 0.7611
0.0088 0.8850 0.0973 0.0088
0.0088 0.0177 0.3805 0.5929
0.0708 0.1770 0.0973 0.6549
0.0531 0.6726 0.2566 0.0177
0.0265 0.3097 0.1593 0.5044
0.7611 0.1327 0.0088 0.0973
0.1858 0.1947 0.2920 0.3274
0.0265 0.2035 0.7080 0.0619
0.4071 0.3009 0.0265 0.2655
0.6903 0.0088 0.0442 0.2566
0.6283 0.0088 0.0088 0.3540
0.0088 0.2478 0.0708 0.6726
0.0442 0.0088 0.1947 0.7522

MOTIF filter7
letter-probability matrix: alength= 4 w= 15 nsites= 201 E= 0
0.3659 0.3220 0.2293 0.0829
0.9854 0.0049 0.0049 0.0049
0.0049 0.0049 0.9854 0.0049
0.0049 0.0049 0.9854 0.0049
0.9854 0.0049 0.0049 0.0049
0.0049 0.3512 0.0049 0.6390
0.8976 0.0049 0.0049 0.0927
0.9854 0.0049 0.0049 0.0049
0.0878 0.2390 0.2537 0.4195
0.2390 0.2439 0.2732 0.2439
0.2683 0.2098 0.2829 0.2390
0.3463 0.2146 0.2244 0.2146
0.2488 0.2488 0.2829 0.2195
0.2976 0.1805 0.2488 0.2732
0.2683 0.2244 0.2488 0.2585

