MEME version 4

ALPHABET= ACGT

Background letter frequencies:
A 0.2500 C 0.2500 G 0.2500 T 0.2500

MOTIF filter0
letter-probability matrix: alength= 4 w= 15 nsites= 1733 E= 0
0.0340 0.0933 0.7611 0.1117
0.0512 0.1128 0.7634 0.0725
0.0616 0.0299 0.1094 0.7991
0.0581 0.7916 0.0478 0.1025
0.0984 0.8267 0.0190 0.0558
0.0006 0.0006 0.9983 0.0006
0.0420 0.8250 0.0006 0.1324
0.0006 0.8584 0.1146 0.0265
0.0006 0.8958 0.0990 0.0046
0.0006 0.0322 0.8135 0.1537
0.8969 0.0910 0.0006 0.0115
0.1077 0.0438 0.8146 0.0340
0.0006 0.8486 0.0006 0.1503
0.0006 0.0357 0.8958 0.0679
0.0012 0.0006 0.9891 0.0092

MOTIF filter1
letter-probability matrix: alength= 4 w= 15 nsites= 698 E= 0
0.0840 0.2749 0.1353 0.5057
0.5100 0.0684 0.1083 0.3134
0.0442 0.2906 0.4729 0.1923
0.0014 0.8405 0.1225 0.0356
0.0085 0.1011 0.0299 0.8604
0.0071 0.9900 0.0014 0.0014
0.7222 0.0997 0.0014 0.1766
0.0085 0.0014 0.9715 0.0185
0.0199 0.8134 0.1410 0.0256
0.0028 0.0798 0.0826 0.8348
0.0014 0.9231 0.0142 0.0613
0.0014 0.0014 0.0399 0.9573
0.8063 0.0456 0.0783 0.0698
0.1011 0.0043 0.0228 0.8718
0.0527 0.0712 0.0385 0.8376

MOTIF filter2
letter-probability matrix: alength= 4 w= 15 nsites= 2864 E= 0
0.1130 0.1095 0.1262 0.6513
0.1231 0.6381 0.1266 0.1123
0.0066 0.4561 0.5349 0.0024
0.5492 0.0042 0.0042 0.4425
0.0098 0.9812 0.0063 0.0028
0.4428 0.0038 0.5530 0.0003
0.0003 0.0014 0.4540 0.5443
0.5474 0.4515 0.0007 0.0003
0.0042 0.0024 0.5499 0.4435
0.0003 0.9983 0.0003 0.0010
0.0003 0.0262 0.0045 0.9690
0.9906 0.0087 0.0003 0.0003
0.0003 0.0003 0.5561 0.4432
0.0003 0.5457 0.0003 0.4536
0.1304 0.1325 0.1450 0.5921

MOTIF filter3
letter-probability matrix: alength= 4 w= 15 nsites= 3153 E= 0
0.0086 0.0114 0.0057 0.9743
0.4865 0.0111 0.4948 0.0076
0.0003 0.0070 0.9924 0.0003
0.0029 0.0003 0.0003 0.9965
0.0003 0.9990 0.0003 0.0003
0.8898 0.1080 0.0019 0.0003
0.0003 0.0003 0.6003 0.3991
0.0016 0.1061 0.4042 0.4881
0.0003 0.5942 0.4013 0.0041
0.0003 0.1191 0.8803 0.0003
0.4869 0.0035 0.0985 0.4111
0.1083 0.0003 0.0067 0.8847
0.0003 0.4900 0.1042 0.4054
0.4976 0.1061 0.0003 0.3959
0.2201 0.2167 0.3263 0.2369

MOTIF filter4
letter-probability matrix: alength= 4 w= 15 nsites= 28 E= 0
0.1562 0.0312 0.0625 0.7500
0.0312 0.0625 0.1875 0.7188
0.0312 0.0312 0.1875 0.7500
0.1562 0.2188 0.1875 0.4375
0.4375 0.2188 0.0312 0.3125
0.1562 0.2812 0.5312 0.0312
0.7500 0.1875 0.0312 0.0312
0.0312 0.0312 0.1875 0.7500
0.0312 0.0312 0.9062 0.0312
0.0312 0.7188 0.2188 0.0312
0.0625 0.6562 0.0312 0.2500
0.0625 0.2812 0.0625 0.5938
0.3125 0.4375 0.0625 0.1875
0.0312 0.0312 0.9062 0.0312
0.0625 0.1875 0.5000 0.2500

MOTIF filter5
letter-probability matrix: alength= 4 w= 15 nsites= 1802 E= 0
0.2403 0.2652 0.2209 0.2735
0.0122 0.0177 0.9491 0.0210
0.0011 0.0078 0.0006 0.9906
0.9679 0.0006 0.0233 0.0083
0.0050 0.0006 0.9939 0.0006
0.0006 0.0371 0.0891 0.8732
0.0006 0.8715 0.0006 0.1274
0.0426 0.9563 0.0006 0.0006
0.0133 0.0770 0.8965 0.0133
0.0033 0.0244 0.1124 0.8599
0.0044 0.9502 0.0094 0.0360
0.0083 0.9862 0.0022 0.0033
0.0055 0.9529 0.0277 0.0138
0.0078 0.0028 0.9812 0.0083
0.0847 0.0011 0.0006 0.9136

MOTIF filter6
letter-probability matrix: alength= 4 w= 15 nsites= 1195 E= 0
0.0242 0.0167 0.9266 0.0325
0.0367 0.9608 0.0008 0.0017
0.0017 0.0092 0.0008 0.9883
0.0008 0.9783 0.0200 0.0008
0.0033 0.0008 0.0209 0.9750
0.9725 0.0209 0.0058 0.0008
0.0008 0.0859 0.0008 0.9124
0.0008 0.0209 0.0133 0.9650
0.0008 0.0058 0.0325 0.9608
0.0317 0.0025 0.0008 0.9650
0.9691 0.0017 0.0267 0.0025
0.2494 0.2902 0.2085 0.2519
0.2527 0.1893 0.2952 0.2627
0.2594 0.1968 0.3094 0.2344
0.1993 0.2235 0.3011 0.2761

MOTIF filter7
letter-probability matrix: alength= 4 w= 15 nsites= 1030 E= 0
0.8665 0.0164 0.0368 0.0803
0.0222 0.0503 0.8675 0.0600
0.0097 0.0019 0.0068 0.9816
0.0280 0.9014 0.0696 0.0010
0.0039 0.9584 0.0010 0.0368
0.0261 0.0977 0.8752 0.0010
0.0203 0.0841 0.0019 0.8936
0.0580 0.8714 0.0696 0.0010
0.0010 0.9294 0.0338 0.0358
0.0048 0.9932 0.0010 0.0010
0.0010 0.0087 0.9130 0.0774
0.0571 0.0039 0.0010 0.9381
0.8723 0.0309 0.0890 0.0077
0.0764 0.3027 0.1064 0.5145
0.4429 0.1992 0.1277 0.2302

