MEME version 4

ALPHABET= ACGT

Background letter frequencies:
A 0.2500 C 0.2500 G 0.2500 T 0.2500

MOTIF filter0
letter-probability matrix: alength= 4 w= 15 nsites= 22 E= 0
0.0385 0.1538 0.0385 0.7692
0.2308 0.1538 0.0769 0.5385
0.0385 0.5385 0.0385 0.3846
0.0385 0.0385 0.6538 0.2692
0.0385 0.1154 0.0385 0.8077
0.0385 0.0385 0.7692 0.1538
0.0769 0.0385 0.6154 0.2692
0.1154 0.6923 0.0385 0.1538
0.1154 0.2692 0.1923 0.4231
0.4231 0.0385 0.1538 0.3846
0.0385 0.0769 0.0385 0.8462
0.1154 0.6923 0.0769 0.1154
0.0769 0.7308 0.0769 0.1154
0.1538 0.2308 0.0385 0.5769
0.0385 0.6538 0.0385 0.2692

MOTIF filter1
letter-probability matrix: alength= 4 w= 15 nsites= 38 E= 0
0.0476 0.1429 0.6429 0.1667
0.0952 0.0238 0.8333 0.0476
0.0238 0.0714 0.8571 0.0476
0.1667 0.0238 0.4286 0.3810
0.0238 0.0238 0.6905 0.2619
0.0238 0.0238 0.8810 0.0714
0.0238 0.0238 0.9048 0.0476
0.0238 0.0238 0.9286 0.0238
0.0238 0.0238 0.9286 0.0238
0.0238 0.0238 0.9286 0.0238
0.0238 0.0238 0.9048 0.0476
0.0238 0.0714 0.8333 0.0714
0.5000 0.1429 0.0476 0.3095
0.2143 0.4524 0.0238 0.3095
0.0238 0.1667 0.6905 0.1190

MOTIF filter2
letter-probability matrix: alength= 4 w= 15 nsites= 220 E= 0
0.1071 0.1473 0.3348 0.4107
0.0357 0.0804 0.0491 0.8348
0.0089 0.0089 0.2455 0.7366
0.1205 0.1295 0.0536 0.6964
0.2589 0.1830 0.5179 0.0402
0.7277 0.2634 0.0045 0.0045
0.2902 0.4375 0.2188 0.0536
0.1518 0.1250 0.5491 0.1741
0.0179 0.0625 0.8973 0.0223
0.6830 0.2812 0.0223 0.0134
0.0089 0.0580 0.2232 0.7098
0.0938 0.6071 0.2366 0.0625
0.7946 0.1920 0.0045 0.0089
0.4509 0.2455 0.1518 0.1518
0.5402 0.0759 0.2857 0.0982

MOTIF filter3
letter-probability matrix: alength= 4 w= 15 nsites= 148 E= 0
0.0197 0.0132 0.9342 0.0329
0.5395 0.2763 0.0066 0.1776
0.4671 0.2763 0.0066 0.2500
0.1513 0.0395 0.0526 0.7566
0.1118 0.1579 0.0658 0.6645
0.4145 0.4671 0.0263 0.0921
0.1316 0.0395 0.7105 0.1184
0.5724 0.2895 0.0658 0.0724
0.1184 0.6579 0.0987 0.1250
0.2697 0.1908 0.5132 0.0263
0.3421 0.6118 0.0197 0.0263
0.3158 0.5921 0.0526 0.0395
0.6842 0.0132 0.1250 0.1776
0.4342 0.5329 0.0066 0.0263
0.8750 0.1118 0.0066 0.0066

MOTIF filter4
letter-probability matrix: alength= 4 w= 15 nsites= 394 E= 0
0.1985 0.3593 0.2010 0.2412
0.0578 0.0729 0.8342 0.0352
0.4623 0.1633 0.0729 0.3015
0.0302 0.0226 0.9397 0.0075
0.2362 0.6030 0.0955 0.0653
0.0050 0.0025 0.9874 0.0050
0.9899 0.0025 0.0050 0.0025
0.0050 0.0025 0.9899 0.0025
0.0678 0.9020 0.0075 0.0226
0.0025 0.0025 0.9925 0.0025
0.9849 0.0025 0.0101 0.0025
0.0025 0.0050 0.9899 0.0025
0.9070 0.0754 0.0101 0.0075
0.0251 0.1256 0.8015 0.0477
0.6407 0.0327 0.3090 0.0176

MOTIF filter5
letter-probability matrix: alength= 4 w= 15 nsites= 807 E= 0
0.9963 0.0012 0.0012 0.0012
0.0012 0.0012 0.9963 0.0012
0.0012 0.0012 0.9963 0.0012
0.9963 0.0012 0.0012 0.0012
0.0012 0.2713 0.0012 0.7263
0.9297 0.0012 0.0012 0.0678
0.9963 0.0012 0.0012 0.0012
0.0752 0.2244 0.1332 0.5672
0.2565 0.2552 0.2318 0.2565
0.2380 0.2540 0.2392 0.2688
0.2503 0.2503 0.2417 0.2577
0.2429 0.2429 0.2367 0.2774
0.2626 0.2281 0.2725 0.2367
0.2589 0.2417 0.2528 0.2466
0.2577 0.2651 0.2256 0.2515

MOTIF filter6
letter-probability matrix: alength= 4 w= 15 nsites= 118 E= 0
0.0410 0.8689 0.0082 0.0820
0.0820 0.3607 0.2131 0.3443
0.3279 0.3115 0.1230 0.2377
0.1475 0.5574 0.1066 0.1885
0.0082 0.0082 0.9754 0.0082
0.0082 0.0656 0.9016 0.0246
0.4426 0.4180 0.0082 0.1311
0.4180 0.1967 0.2869 0.0984
0.9590 0.0164 0.0164 0.0082
0.0082 0.0738 0.5492 0.3689
0.7213 0.2213 0.0082 0.0492
0.3115 0.4098 0.0902 0.1885
0.7213 0.0738 0.1311 0.0738
0.4590 0.5246 0.0082 0.0082
0.1393 0.4426 0.1230 0.2951

MOTIF filter7
letter-probability matrix: alength= 4 w= 15 nsites= 334 E= 0
0.2633 0.2574 0.3047 0.1746
0.3669 0.0089 0.5503 0.0740
0.0059 0.0651 0.9231 0.0059
0.0473 0.0148 0.8846 0.0533
0.0030 0.0030 0.8964 0.0976
0.1775 0.0030 0.8166 0.0030
0.0059 0.0030 0.7574 0.2337
0.0030 0.0178 0.7663 0.2130
0.0296 0.0030 0.9645 0.0030
0.0030 0.0030 0.9763 0.0178
0.1598 0.0118 0.8254 0.0030
0.0266 0.0237 0.9467 0.0030
0.0621 0.0562 0.8195 0.0621
0.0621 0.2249 0.5710 0.1420
0.5976 0.2604 0.0888 0.0533

