MEME version 4

ALPHABET= ACGT

Background letter frequencies:
A 0.2500 C 0.2500 G 0.2500 T 0.2500

MOTIF filter0
letter-probability matrix: alength= 4 w= 15 nsites= 290 E= 0
0.1769 0.0612 0.3095 0.4524
0.3912 0.0476 0.0646 0.4966
0.1633 0.2449 0.1088 0.4830
0.4660 0.2143 0.2517 0.0680
0.4150 0.0408 0.2041 0.3401
0.2449 0.3401 0.3639 0.0510
0.3163 0.2687 0.3367 0.0782
0.0272 0.2449 0.0748 0.6531
0.2245 0.0476 0.3707 0.3571
0.1327 0.5850 0.2585 0.0238
0.8707 0.0068 0.0102 0.1122
0.0034 0.0034 0.9898 0.0034
0.0034 0.0034 0.9830 0.0102
0.9388 0.0034 0.0034 0.0544
0.0034 0.0714 0.0034 0.9218

MOTIF filter1
letter-probability matrix: alength= 4 w= 15 nsites= 41 E= 0
0.0222 0.8444 0.1111 0.0222
0.0222 0.9111 0.0222 0.0444
0.0222 0.8222 0.1333 0.0222
0.0222 0.6667 0.1333 0.1778
0.0222 0.6889 0.1111 0.1778
0.0222 0.4889 0.3111 0.1778
0.6222 0.2667 0.0444 0.0667
0.2667 0.0667 0.3556 0.3111
0.7778 0.0222 0.0222 0.1778
0.0222 0.7556 0.0222 0.2000
0.0222 0.1778 0.4667 0.3333
0.0889 0.0222 0.7111 0.1778
0.1111 0.4444 0.3556 0.0889
0.0889 0.0222 0.2222 0.6667
0.0222 0.0444 0.0444 0.8889

MOTIF filter2
letter-probability matrix: alength= 4 w= 15 nsites= 2197 E= 0
0.0005 0.9986 0.0005 0.0005
0.0005 0.9986 0.0005 0.0005
0.0005 0.9986 0.0005 0.0005
0.0005 0.9986 0.0005 0.0005
0.0005 0.9986 0.0005 0.0005
0.0005 0.9986 0.0005 0.0005
0.0005 0.9986 0.0005 0.0005
0.2040 0.3971 0.2004 0.1985
0.2476 0.2876 0.2331 0.2317
0.2453 0.2549 0.2562 0.2435
0.2363 0.2494 0.2694 0.2449
0.2463 0.2413 0.2531 0.2594
0.2540 0.2372 0.2581 0.2508
0.2540 0.2340 0.2653 0.2467
0.2567 0.2331 0.2535 0.2567

MOTIF filter3
letter-probability matrix: alength= 4 w= 15 nsites= 55 E= 0
0.4915 0.0339 0.2542 0.2203
0.2373 0.0339 0.4915 0.2373
0.0508 0.1356 0.7797 0.0339
0.8983 0.0339 0.0508 0.0169
0.0847 0.7288 0.0169 0.1695
0.8136 0.0678 0.1017 0.0169
0.7797 0.0169 0.1695 0.0339
0.0169 0.9322 0.0339 0.0169
0.0169 0.1695 0.3729 0.4407
0.1186 0.0169 0.0847 0.7797
0.1864 0.0508 0.4915 0.2712
0.2034 0.0508 0.1186 0.6271
0.1864 0.2881 0.0339 0.4915
0.0678 0.0169 0.8475 0.0678
0.1017 0.2203 0.5932 0.0847

MOTIF filter4
letter-probability matrix: alength= 4 w= 15 nsites= 97 E= 0
0.1287 0.2574 0.6040 0.0099
0.3861 0.5050 0.0693 0.0396
0.0099 0.6535 0.3168 0.0198
0.1386 0.8416 0.0099 0.0099
0.0099 0.9604 0.0198 0.0099
0.0099 0.9703 0.0099 0.0099
0.0099 0.9604 0.0198 0.0099
0.0099 0.9703 0.0099 0.0099
0.0297 0.8713 0.0792 0.0198
0.0396 0.9406 0.0099 0.0099
0.0099 0.9010 0.0396 0.0495
0.2574 0.4851 0.1188 0.1386
0.3069 0.3465 0.3366 0.0099
0.0792 0.0792 0.8020 0.0396
0.0594 0.1782 0.5347 0.2277

MOTIF filter5
letter-probability matrix: alength= 4 w= 15 nsites= 57 E= 0
0.0164 0.5738 0.0820 0.3279
0.0164 0.9016 0.0328 0.0492
0.1803 0.7377 0.0492 0.0328
0.0492 0.7377 0.0164 0.1967
0.0164 0.6393 0.0328 0.3115
0.0164 0.7049 0.2131 0.0656
0.0328 0.9344 0.0164 0.0164
0.3770 0.5246 0.0164 0.0820
0.8361 0.1148 0.0328 0.0164
0.0164 0.1639 0.8033 0.0164
0.0164 0.0164 0.9508 0.0164
0.8689 0.0164 0.0820 0.0328
0.0164 0.0820 0.0164 0.8852
0.6393 0.0984 0.0328 0.2295
0.9344 0.0164 0.0328 0.0164

MOTIF filter6
letter-probability matrix: alength= 4 w= 15 nsites= 80 E= 0
0.0476 0.0476 0.5000 0.4048
0.1071 0.0119 0.2262 0.6548
0.0119 0.9167 0.0595 0.0119
0.0357 0.0119 0.3333 0.6190
0.0714 0.1905 0.0714 0.6667
0.1071 0.6190 0.2381 0.0357
0.0714 0.2619 0.1786 0.4881
0.7857 0.0952 0.0119 0.1071
0.2500 0.1548 0.3810 0.2143
0.0238 0.1786 0.7143 0.0833
0.2619 0.3333 0.0476 0.3571
0.6905 0.0119 0.0238 0.2738
0.4643 0.0238 0.0119 0.5000
0.0119 0.2143 0.0714 0.7024
0.0357 0.0119 0.1190 0.8333

MOTIF filter7
letter-probability matrix: alength= 4 w= 15 nsites= 2961 E= 0
0.4752 0.3592 0.1275 0.0381
0.9990 0.0003 0.0003 0.0003
0.0003 0.0003 0.9990 0.0003
0.0003 0.0003 0.9990 0.0003
0.9990 0.0003 0.0003 0.0003
0.0003 0.2196 0.0003 0.7798
0.9653 0.0003 0.0003 0.0341
0.9990 0.0003 0.0003 0.0003
0.0344 0.2287 0.1305 0.6064
0.2530 0.2570 0.2452 0.2449
0.2415 0.2556 0.2449 0.2580
0.2503 0.2766 0.2374 0.2358
0.2331 0.2732 0.2435 0.2503
0.2435 0.2641 0.2479 0.2445
0.2553 0.2627 0.2337 0.2482

