MEME version 4

ALPHABET= ACGT

Background letter frequencies:
A 0.2500 C 0.2500 G 0.2500 T 0.2500

MOTIF filter0
letter-probability matrix: alength= 4 w= 15 nsites= 99 E= 0
0.2718 0.3204 0.0971 0.3107
0.1262 0.0097 0.0097 0.8544
0.1748 0.7184 0.0194 0.0874
0.3398 0.0097 0.5437 0.1068
0.0097 0.8738 0.0097 0.1068
0.0485 0.0583 0.8544 0.0388
0.0194 0.2039 0.3204 0.4563
0.0291 0.2039 0.2233 0.5437
0.1650 0.0874 0.6699 0.0777
0.0194 0.1359 0.6990 0.1456
0.5437 0.0097 0.0777 0.3689
0.0097 0.0680 0.9126 0.0097
0.0097 0.3592 0.0291 0.6019
0.0388 0.3204 0.4854 0.1553
0.4563 0.3495 0.1359 0.0583

MOTIF filter1
letter-probability matrix: alength= 4 w= 15 nsites= 2708 E= 0
0.2607 0.2688 0.2327 0.2378
0.2504 0.2740 0.2500 0.2257
0.2485 0.2629 0.2459 0.2426
0.2408 0.2692 0.2441 0.2459
0.2389 0.2611 0.2533 0.2467
0.4760 0.3625 0.1320 0.0295
0.9989 0.0004 0.0004 0.0004
0.0004 0.0004 0.9989 0.0004
0.0004 0.0004 0.9989 0.0004
0.9989 0.0004 0.0004 0.0004
0.0004 0.2227 0.0004 0.7765
0.9653 0.0004 0.0004 0.0339
0.9989 0.0004 0.0004 0.0004
0.0336 0.2412 0.1324 0.5929
0.2496 0.2541 0.2500 0.2463

MOTIF filter2
letter-probability matrix: alength= 4 w= 15 nsites= 310 E= 0
0.0032 0.9904 0.0032 0.0032
0.0032 0.9904 0.0032 0.0032
0.0032 0.9904 0.0032 0.0032
0.0032 0.9904 0.0032 0.0032
0.0032 0.9873 0.0064 0.0032
0.0032 0.9841 0.0032 0.0096
0.0032 0.9904 0.0032 0.0032
0.0478 0.3567 0.2166 0.3790
0.1497 0.2452 0.0987 0.5064
0.0955 0.1210 0.1529 0.6306
0.0414 0.1879 0.2898 0.4809
0.1178 0.1465 0.2389 0.4968
0.1911 0.1178 0.3662 0.3248
0.1720 0.1338 0.3822 0.3121
0.0732 0.2834 0.4108 0.2325

MOTIF filter3
letter-probability matrix: alength= 4 w= 15 nsites= 223 E= 0
0.8238 0.1189 0.0044 0.0529
0.9824 0.0044 0.0088 0.0044
0.0044 0.4273 0.4449 0.1233
0.0044 0.8546 0.0661 0.0749
0.4802 0.4978 0.0044 0.0176
0.1498 0.0176 0.4053 0.4273
0.1542 0.0485 0.4141 0.3833
0.0308 0.2687 0.4229 0.2775
0.1189 0.4317 0.2026 0.2467
0.8634 0.0881 0.0441 0.0044
0.0485 0.3656 0.0264 0.5595
0.4053 0.1101 0.3877 0.0969
0.1410 0.3172 0.2379 0.3040
0.0749 0.0044 0.0837 0.8370
0.2555 0.0837 0.3172 0.3436

MOTIF filter4
letter-probability matrix: alength= 4 w= 15 nsites= 919 E= 0
0.2524 0.2167 0.3424 0.1885
0.0433 0.9242 0.0043 0.0282
0.0011 0.9827 0.0011 0.0152
0.0054 0.9913 0.0011 0.0022
0.0033 0.9946 0.0011 0.0011
0.0011 0.9957 0.0011 0.0022
0.0011 0.9967 0.0011 0.0011
0.0011 0.9967 0.0011 0.0011
0.1105 0.7941 0.0293 0.0661
0.3229 0.4475 0.1257 0.1040
0.2730 0.3543 0.1928 0.1798
0.2925 0.2524 0.3218 0.1333
0.2936 0.2134 0.3727 0.1203
0.2145 0.3759 0.1701 0.2394
0.2416 0.2730 0.2286 0.2568

MOTIF filter5
letter-probability matrix: alength= 4 w= 15 nsites= 68 E= 0
0.0278 0.0833 0.2917 0.5972
0.0556 0.6111 0.2361 0.0972
0.6667 0.2222 0.0417 0.0694
0.0139 0.1111 0.0139 0.8611
0.0556 0.3056 0.2361 0.4028
0.5278 0.2222 0.0694 0.1806
0.4583 0.4306 0.0139 0.0972
0.3333 0.0833 0.0278 0.5556
0.3611 0.0278 0.4167 0.1944
0.0139 0.1111 0.8611 0.0139
0.2500 0.0139 0.6806 0.0556
0.0278 0.4444 0.3889 0.1389
0.0833 0.7917 0.0278 0.0972
0.0139 0.1667 0.0417 0.7778
0.0139 0.0417 0.9306 0.0139

MOTIF filter6
letter-probability matrix: alength= 4 w= 15 nsites= 158 E= 0
0.3272 0.0864 0.2963 0.2901
0.3210 0.0309 0.3025 0.3457
0.3642 0.2407 0.1543 0.2407
0.1358 0.0494 0.3642 0.4506
0.2716 0.0679 0.5864 0.0741
0.3210 0.0370 0.0309 0.6111
0.3272 0.0432 0.1543 0.4753
0.6049 0.1420 0.0247 0.2284
0.6605 0.0062 0.0123 0.3210
0.8395 0.0741 0.0802 0.0062
0.0062 0.0062 0.9815 0.0062
0.0062 0.0062 0.9815 0.0062
0.9815 0.0062 0.0062 0.0062
0.0062 0.1049 0.0185 0.8704
0.9012 0.0802 0.0062 0.0123

MOTIF filter7
letter-probability matrix: alength= 4 w= 15 nsites= 51 E= 0
0.0182 0.8909 0.0364 0.0545
0.1636 0.0182 0.1636 0.6545
0.0182 0.8727 0.0182 0.0909
0.0545 0.4000 0.4545 0.0909
0.0182 0.5273 0.2364 0.2182
0.0909 0.8364 0.0182 0.0545
0.4000 0.1091 0.1818 0.3091
0.9455 0.0182 0.0182 0.0182
0.4182 0.2545 0.2364 0.0909
0.4364 0.4000 0.0909 0.0727
0.4545 0.1091 0.0364 0.4000
0.0182 0.0364 0.1455 0.8000
0.1455 0.0727 0.4182 0.3636
0.0545 0.0545 0.0182 0.8727
0.6727 0.0182 0.2364 0.0727

