MEME version 4

ALPHABET= ACGT

Background letter frequencies:
A 0.2500 C 0.2500 G 0.2500 T 0.2500

MOTIF filter0
letter-probability matrix: alength= 4 w= 15 nsites= 106 E= 0
0.1727 0.2091 0.4000 0.2182
0.5455 0.0091 0.3091 0.1364
0.0091 0.0909 0.8909 0.0091
0.1000 0.0909 0.7727 0.0364
0.0091 0.0091 0.9273 0.0545
0.3182 0.0091 0.6636 0.0091
0.0091 0.0091 0.8182 0.1636
0.0091 0.1091 0.4818 0.4000
0.0091 0.0091 0.9727 0.0091
0.1000 0.0091 0.8273 0.0636
0.0818 0.0091 0.9000 0.0091
0.1000 0.0545 0.8364 0.0091
0.0364 0.0364 0.8091 0.1182
0.1091 0.1818 0.6091 0.1000
0.6091 0.2273 0.0545 0.1091

MOTIF filter1
letter-probability matrix: alength= 4 w= 15 nsites= 65 E= 0
0.5217 0.1449 0.0725 0.2609
0.1594 0.4493 0.2609 0.1304
0.2754 0.5072 0.1159 0.1014
0.6232 0.1739 0.0870 0.1159
0.0145 0.0145 0.8261 0.1449
0.0145 0.0145 0.3333 0.6377
0.0435 0.6522 0.0290 0.2754
0.0580 0.0290 0.5797 0.3333
0.8986 0.0725 0.0145 0.0145
0.2754 0.2319 0.2464 0.2464
0.2174 0.0435 0.3913 0.3478
0.2174 0.6522 0.0725 0.0580
0.8116 0.1304 0.0435 0.0145
0.5507 0.1014 0.2319 0.1159
0.0580 0.4783 0.0725 0.3913

MOTIF filter2
letter-probability matrix: alength= 4 w= 15 nsites= 45 E= 0
0.2041 0.2245 0.1224 0.4490
0.2041 0.0408 0.5510 0.2041
0.0612 0.1429 0.6531 0.1429
0.0612 0.0408 0.8571 0.0408
0.1020 0.0204 0.8367 0.0408
0.0408 0.0204 0.9184 0.0204
0.0204 0.0204 0.8571 0.1020
0.0204 0.0204 0.8163 0.1429
0.0204 0.0204 0.8571 0.1020
0.1837 0.0408 0.6531 0.1224
0.0204 0.0204 0.8980 0.0612
0.0204 0.0204 0.9388 0.0204
0.0204 0.0408 0.9184 0.0204
0.0408 0.0408 0.8571 0.0612
0.1837 0.2653 0.2857 0.2653

MOTIF filter3
letter-probability matrix: alength= 4 w= 15 nsites= 93 E= 0
0.2062 0.4742 0.1443 0.1753
0.1134 0.3196 0.2887 0.2784
0.1546 0.3918 0.2680 0.1856
0.0103 0.2062 0.0206 0.7629
0.0103 0.7216 0.0309 0.2371
0.0103 0.1237 0.4227 0.4433
0.0412 0.3608 0.2680 0.3299
0.9691 0.0103 0.0103 0.0103
0.1649 0.0515 0.7423 0.0412
0.0103 0.1546 0.5258 0.3093
0.4845 0.4227 0.0206 0.0722
0.1340 0.4433 0.0103 0.4124
0.6598 0.1649 0.0103 0.1649
0.0103 0.5876 0.0103 0.3918
0.4330 0.2165 0.0412 0.3093

MOTIF filter4
letter-probability matrix: alength= 4 w= 15 nsites= 18 E= 0
0.0455 0.3182 0.4545 0.1818
0.1364 0.5455 0.0909 0.2273
0.1364 0.1364 0.0909 0.6364
0.3636 0.3182 0.1818 0.1364
0.5000 0.1364 0.1364 0.2273
0.2727 0.0909 0.5000 0.1364
0.6818 0.1364 0.0455 0.1364
0.0455 0.1364 0.6818 0.1364
0.0455 0.0909 0.6818 0.1818
0.0455 0.0455 0.8636 0.0455
0.0455 0.3636 0.1364 0.4545
0.5909 0.0909 0.2727 0.0455
0.0455 0.0455 0.8636 0.0455
0.8636 0.0455 0.0455 0.0455
0.4545 0.3182 0.0455 0.1818

MOTIF filter5
letter-probability matrix: alength= 4 w= 15 nsites= 47 E= 0
0.5882 0.1373 0.0784 0.1961
0.4510 0.2941 0.0196 0.2353
0.1569 0.0784 0.2941 0.4706
0.0196 0.0196 0.6275 0.3333
0.2157 0.2157 0.1765 0.3922
0.7255 0.2353 0.0196 0.0196
0.0392 0.0196 0.8824 0.0588
0.7647 0.1569 0.0392 0.0392
0.1373 0.6078 0.0784 0.1765
0.7451 0.0196 0.0784 0.1569
0.6275 0.1569 0.0588 0.1569
0.1373 0.7647 0.0196 0.0784
0.2157 0.7059 0.0392 0.0392
0.2353 0.3529 0.0980 0.3137
0.2745 0.6863 0.0196 0.0196

MOTIF filter6
letter-probability matrix: alength= 4 w= 15 nsites= 168 E= 0
0.2791 0.3488 0.0988 0.2733
0.0930 0.0058 0.8721 0.0291
0.1977 0.3198 0.1744 0.3081
0.0523 0.0058 0.9244 0.0174
0.2093 0.4826 0.2209 0.0872
0.0116 0.0058 0.9767 0.0058
0.8837 0.0058 0.0349 0.0756
0.0116 0.0058 0.9651 0.0174
0.0988 0.7500 0.1453 0.0058
0.0058 0.0058 0.9826 0.0058
0.9593 0.0058 0.0291 0.0058
0.0058 0.0058 0.9826 0.0058
0.8779 0.0465 0.0523 0.0233
0.0233 0.2442 0.6453 0.0872
0.7384 0.0640 0.1860 0.0116

MOTIF filter7
letter-probability matrix: alength= 4 w= 15 nsites= 26 E= 0
0.1000 0.3667 0.2667 0.2667
0.2333 0.2333 0.3000 0.2333
0.3333 0.4333 0.1667 0.0667
0.9000 0.0333 0.0333 0.0333
0.0333 0.0333 0.9000 0.0333
0.0333 0.0333 0.9000 0.0333
0.9000 0.0333 0.0333 0.0333
0.0333 0.2333 0.0333 0.7000
0.6333 0.1000 0.0333 0.2333
0.8667 0.0667 0.0333 0.0333
0.1333 0.1000 0.2333 0.5333
0.2333 0.2000 0.2667 0.3000
0.1000 0.3667 0.2667 0.2667
0.1667 0.3333 0.2667 0.2333
0.2667 0.2333 0.3333 0.1667

