MEME version 4

ALPHABET= ACGT

Background letter frequencies:
A 0.2500 C 0.2500 G 0.2500 T 0.2500

MOTIF filter0
letter-probability matrix: alength= 4 w= 15 nsites= 43 E= 0
0.0213 0.0851 0.0213 0.8723
0.1277 0.1702 0.1064 0.5957
0.0213 0.7021 0.0213 0.2553
0.0213 0.0638 0.5745 0.3404
0.0213 0.0426 0.0213 0.9149
0.0213 0.0213 0.8085 0.1489
0.0851 0.0213 0.5532 0.3404
0.1915 0.7234 0.0213 0.0638
0.0851 0.1915 0.2553 0.4681
0.2979 0.0851 0.1277 0.4894
0.1489 0.0638 0.0426 0.7447
0.2979 0.5745 0.0213 0.1064
0.0851 0.8298 0.0213 0.0638
0.1915 0.1702 0.0638 0.5745
0.0213 0.6809 0.0213 0.2766

MOTIF filter1
letter-probability matrix: alength= 4 w= 15 nsites= 336 E= 0
0.0235 0.0941 0.7676 0.1147
0.0647 0.0088 0.9176 0.0088
0.0029 0.0324 0.9559 0.0088
0.1059 0.0088 0.5853 0.3000
0.0176 0.0029 0.7500 0.2294
0.0147 0.0029 0.9353 0.0471
0.0029 0.0029 0.9735 0.0206
0.0029 0.0059 0.9794 0.0118
0.0353 0.0029 0.9588 0.0029
0.0029 0.0029 0.9912 0.0029
0.0029 0.0118 0.9676 0.0176
0.0059 0.0912 0.8059 0.0971
0.4441 0.1559 0.0235 0.3765
0.2147 0.5441 0.0029 0.2382
0.0735 0.1735 0.6294 0.1235

MOTIF filter2
letter-probability matrix: alength= 4 w= 15 nsites= 52 E= 0
0.0714 0.1607 0.4107 0.3571
0.0179 0.0536 0.0179 0.9107
0.0179 0.0179 0.2857 0.6786
0.0714 0.0714 0.0179 0.8393
0.2500 0.1786 0.5000 0.0714
0.8036 0.1607 0.0179 0.0179
0.2857 0.5179 0.1071 0.0893
0.0536 0.1607 0.6429 0.1429
0.0179 0.0714 0.8571 0.0536
0.7143 0.2500 0.0179 0.0179
0.0179 0.0536 0.2321 0.6964
0.1250 0.6250 0.1964 0.0536
0.8393 0.1250 0.0179 0.0179
0.4107 0.2857 0.1786 0.1250
0.4286 0.0714 0.3571 0.1429

MOTIF filter3
letter-probability matrix: alength= 4 w= 15 nsites= 115 E= 0
0.0168 0.0168 0.9160 0.0504
0.5714 0.2101 0.0084 0.2101
0.4202 0.2353 0.0084 0.3361
0.1345 0.0252 0.0252 0.8151
0.0840 0.1429 0.0840 0.6891
0.5042 0.4202 0.0084 0.0672
0.1513 0.0672 0.6303 0.1513
0.6050 0.2689 0.0168 0.1092
0.1008 0.6807 0.1008 0.1176
0.2689 0.1597 0.5126 0.0588
0.3697 0.5714 0.0168 0.0420
0.3193 0.6050 0.0420 0.0336
0.6555 0.0168 0.1176 0.2101
0.5798 0.4034 0.0084 0.0084
0.8067 0.1765 0.0084 0.0084

MOTIF filter4
letter-probability matrix: alength= 4 w= 15 nsites= 497 E= 0
0.1916 0.3473 0.2255 0.2355
0.0619 0.0499 0.8503 0.0379
0.5190 0.1417 0.0798 0.2595
0.0240 0.0259 0.9461 0.0040
0.2096 0.6527 0.0978 0.0399
0.0020 0.0020 0.9940 0.0020
0.9880 0.0020 0.0080 0.0020
0.0040 0.0020 0.9920 0.0020
0.0699 0.9042 0.0080 0.0180
0.0020 0.0020 0.9940 0.0020
0.9860 0.0040 0.0080 0.0020
0.0040 0.0040 0.9900 0.0020
0.8723 0.0898 0.0200 0.0180
0.0259 0.1417 0.7625 0.0699
0.6327 0.0439 0.3154 0.0080

MOTIF filter5
letter-probability matrix: alength= 4 w= 15 nsites= 3314 E= 0
0.9991 0.0003 0.0003 0.0003
0.0003 0.0003 0.9991 0.0003
0.0003 0.0003 0.9991 0.0003
0.9991 0.0003 0.0003 0.0003
0.0003 0.2194 0.0003 0.7800
0.9720 0.0003 0.0003 0.0274
0.9991 0.0003 0.0003 0.0003
0.0476 0.2236 0.1299 0.5989
0.2408 0.2508 0.2529 0.2556
0.2402 0.2559 0.2568 0.2471
0.2477 0.2477 0.2646 0.2399
0.2426 0.2260 0.2803 0.2511
0.2378 0.2423 0.2866 0.2333
0.2474 0.2272 0.2857 0.2396
0.2281 0.2324 0.3008 0.2387

MOTIF filter6
letter-probability matrix: alength= 4 w= 15 nsites= 313 E= 0
0.0536 0.8328 0.0347 0.0789
0.0726 0.3691 0.2240 0.3344
0.3438 0.3028 0.1388 0.2145
0.2177 0.5047 0.1104 0.1672
0.0032 0.0032 0.9905 0.0032
0.0410 0.0536 0.8675 0.0379
0.4101 0.4322 0.0063 0.1514
0.4101 0.1577 0.3533 0.0789
0.9558 0.0063 0.0315 0.0063
0.0032 0.0852 0.5363 0.3754
0.6877 0.2492 0.0063 0.0568
0.2524 0.4416 0.1104 0.1956
0.6151 0.1104 0.1356 0.1388
0.4416 0.5268 0.0189 0.0126
0.1861 0.3028 0.1388 0.3722

MOTIF filter7
letter-probability matrix: alength= 4 w= 15 nsites= 2112 E= 0
0.2765 0.2500 0.2665 0.2070
0.3729 0.0028 0.5156 0.1087
0.0028 0.0879 0.9088 0.0005
0.0440 0.0170 0.8937 0.0454
0.0009 0.0005 0.9140 0.0846
0.1517 0.0005 0.8474 0.0005
0.0057 0.0005 0.7741 0.2198
0.0005 0.0109 0.7259 0.2628
0.0147 0.0005 0.9844 0.0005
0.0005 0.0005 0.9750 0.0241
0.1612 0.0132 0.8251 0.0005
0.0137 0.0095 0.9764 0.0005
0.0534 0.0402 0.8233 0.0832
0.0312 0.2505 0.5624 0.1560
0.6564 0.2141 0.0543 0.0751

