MEME version 4

ALPHABET= ACGT

Background letter frequencies:
A 0.2500 C 0.2500 G 0.2500 T 0.2500

MOTIF filter0
letter-probability matrix: alength= 4 w= 15 nsites= 1899 E= 0
0.2002 0.2438 0.3416 0.2144
0.5160 0.0005 0.3663 0.1172
0.0005 0.0673 0.9317 0.0005
0.0725 0.0363 0.8487 0.0426
0.0005 0.0005 0.9559 0.0431
0.2417 0.0005 0.7572 0.0005
0.0005 0.0005 0.8313 0.1676
0.0005 0.0473 0.6280 0.3242
0.0079 0.0005 0.9911 0.0005
0.0142 0.0005 0.9390 0.0462
0.0625 0.0068 0.9301 0.0005
0.0678 0.0184 0.9133 0.0005
0.0184 0.0173 0.8613 0.1030
0.0804 0.2023 0.5922 0.1251
0.6164 0.2580 0.0431 0.0825

MOTIF filter1
letter-probability matrix: alength= 4 w= 15 nsites= 127 E= 0
0.6031 0.0992 0.0229 0.2748
0.0611 0.5038 0.3282 0.1069
0.2214 0.5802 0.0840 0.1145
0.5496 0.2519 0.0763 0.1221
0.0076 0.0076 0.8626 0.1221
0.0076 0.0153 0.2824 0.6947
0.0229 0.7786 0.0076 0.1908
0.0611 0.0076 0.6107 0.3206
0.9389 0.0458 0.0076 0.0076
0.3969 0.1527 0.2061 0.2443
0.2290 0.0229 0.4427 0.3053
0.2061 0.6870 0.0687 0.0382
0.8244 0.1450 0.0229 0.0076
0.5725 0.0992 0.2443 0.0840
0.0382 0.4733 0.0382 0.4504

MOTIF filter2
letter-probability matrix: alength= 4 w= 15 nsites= 317 E= 0
0.1682 0.3271 0.0218 0.4829
0.2430 0.0218 0.5701 0.1651
0.0561 0.1153 0.7040 0.1246
0.0062 0.0156 0.9657 0.0125
0.0343 0.0031 0.9283 0.0343
0.0156 0.0031 0.9782 0.0031
0.0062 0.0031 0.9813 0.0093
0.0031 0.0031 0.9813 0.0125
0.0031 0.0031 0.9346 0.0592
0.1589 0.0093 0.6885 0.1433
0.0031 0.0031 0.9813 0.0125
0.0031 0.0031 0.9907 0.0031
0.0031 0.0093 0.9813 0.0062
0.0748 0.0218 0.8847 0.0187
0.2118 0.4704 0.0966 0.2212

MOTIF filter3
letter-probability matrix: alength= 4 w= 15 nsites= 365 E= 0
0.2222 0.4580 0.1436 0.1762
0.0867 0.3902 0.2764 0.2466
0.1355 0.4499 0.2602 0.1545
0.0108 0.2656 0.0054 0.7182
0.0027 0.6558 0.0027 0.3388
0.0027 0.0921 0.3496 0.5556
0.0271 0.3631 0.2656 0.3442
0.9892 0.0054 0.0027 0.0027
0.2060 0.0379 0.7344 0.0217
0.0027 0.1924 0.5718 0.2331
0.5203 0.4417 0.0108 0.0271
0.2087 0.4092 0.0027 0.3794
0.7209 0.1328 0.0054 0.1409
0.0027 0.5881 0.0027 0.4065
0.3848 0.2710 0.0244 0.3198

MOTIF filter4
letter-probability matrix: alength= 4 w= 15 nsites= 159 E= 0
0.0552 0.3374 0.4540 0.1534
0.0982 0.5767 0.1104 0.2147
0.0429 0.2209 0.1472 0.5890
0.4847 0.2393 0.1656 0.1104
0.5583 0.1963 0.1166 0.1288
0.3252 0.0982 0.3804 0.1963
0.7301 0.2331 0.0061 0.0307
0.0184 0.0307 0.7730 0.1779
0.0061 0.1472 0.7117 0.1350
0.0061 0.0061 0.9693 0.0184
0.0184 0.3558 0.0736 0.5521
0.3620 0.2147 0.3129 0.1104
0.0061 0.0245 0.9632 0.0061
0.9448 0.0429 0.0061 0.0061
0.5828 0.2883 0.0061 0.1227

MOTIF filter5
letter-probability matrix: alength= 4 w= 15 nsites= 50 E= 0
0.7778 0.0741 0.0741 0.0741
0.3333 0.2778 0.0556 0.3333
0.1481 0.0185 0.2222 0.6111
0.0185 0.0185 0.7593 0.2037
0.2222 0.1852 0.1481 0.4444
0.8333 0.1296 0.0185 0.0185
0.0556 0.0556 0.7963 0.0926
0.7963 0.1296 0.0556 0.0185
0.1667 0.7407 0.0370 0.0556
0.7222 0.0741 0.0926 0.1111
0.6296 0.1667 0.0741 0.1296
0.1667 0.7593 0.0185 0.0556
0.1852 0.7407 0.0556 0.0185
0.2593 0.4074 0.0556 0.2778
0.2407 0.7037 0.0370 0.0185

MOTIF filter6
letter-probability matrix: alength= 4 w= 15 nsites= 503 E= 0
0.2426 0.3353 0.1736 0.2485
0.1124 0.0059 0.8462 0.0355
0.1657 0.2525 0.3511 0.2308
0.0316 0.0020 0.9467 0.0197
0.1933 0.4339 0.2840 0.0888
0.0237 0.0020 0.9724 0.0020
0.8245 0.0020 0.1223 0.0513
0.0020 0.0020 0.9862 0.0099
0.0888 0.7160 0.1933 0.0020
0.0020 0.0020 0.9941 0.0020
0.9566 0.0020 0.0394 0.0020
0.0020 0.0020 0.9941 0.0020
0.8383 0.0473 0.0907 0.0237
0.0158 0.2367 0.6903 0.0572
0.8166 0.0355 0.1460 0.0020

MOTIF filter7
letter-probability matrix: alength= 4 w= 15 nsites= 3096 E= 0
0.2455 0.2613 0.2445 0.2487
0.2410 0.2397 0.2665 0.2529
0.4677 0.3655 0.1213 0.0455
0.9990 0.0003 0.0003 0.0003
0.0003 0.0003 0.9990 0.0003
0.0003 0.0003 0.9990 0.0003
0.9990 0.0003 0.0003 0.0003
0.0003 0.2184 0.0019 0.7794
0.9658 0.0003 0.0003 0.0335
0.9977 0.0006 0.0003 0.0013
0.0213 0.2394 0.1406 0.5987
0.2484 0.2426 0.2548 0.2542
0.2348 0.2565 0.2655 0.2432
0.2297 0.2574 0.2745 0.2384
0.2390 0.2545 0.2768 0.2297

