MEME version 4

ALPHABET= ACGT

Background letter frequencies:
A 0.2500 C 0.2500 G 0.2500 T 0.2500

MOTIF filter0
letter-probability matrix: alength= 4 w= 15 nsites= 247 E= 0
0.1833 0.0956 0.3426 0.3785
0.1116 0.2510 0.4104 0.2271
0.4781 0.1833 0.2908 0.0478
0.5219 0.0040 0.0398 0.4343
0.1275 0.4024 0.4622 0.0080
0.0359 0.0080 0.0040 0.9522
0.0040 0.3227 0.0199 0.6534
0.9761 0.0120 0.0080 0.0040
0.0717 0.0438 0.7928 0.0916
0.0040 0.0040 0.0040 0.9880
0.0558 0.7331 0.0757 0.1355
0.7888 0.0359 0.1713 0.0040
0.0040 0.0876 0.8964 0.0120
0.0319 0.1833 0.0956 0.6892
0.0876 0.7490 0.0239 0.1394

MOTIF filter1
letter-probability matrix: alength= 4 w= 15 nsites= 1115 E= 0
0.2663 0.2440 0.2502 0.2395
0.0027 0.0027 0.0018 0.9929
0.2046 0.0018 0.0009 0.7927
0.7980 0.0009 0.0009 0.2002
0.0009 0.2002 0.7980 0.0009
0.0018 0.0009 0.2011 0.7962
0.2038 0.7918 0.0009 0.0036
0.7918 0.2055 0.0009 0.0018
0.0009 0.0027 0.9955 0.0009
0.0009 0.0009 0.0009 0.9973
0.2055 0.7918 0.0018 0.0009
0.0009 0.0009 0.9973 0.0009
0.7936 0.2046 0.0009 0.0009
0.0009 0.0009 0.0018 0.9964
0.2011 0.7954 0.0018 0.0018

MOTIF filter2
letter-probability matrix: alength= 4 w= 15 nsites= 228 E= 0
0.0043 0.0043 0.9871 0.0043
0.9871 0.0043 0.0043 0.0043
0.0043 0.0043 0.0043 0.9871
0.0043 0.0043 0.0043 0.9871
0.0043 0.9871 0.0043 0.0043
0.0043 0.0043 0.0043 0.9871
0.9871 0.0043 0.0043 0.0043
0.0043 0.0043 0.9871 0.0043
0.0043 0.9871 0.0043 0.0043
0.0043 0.0043 0.0043 0.9871
0.9871 0.0043 0.0043 0.0043
0.0043 0.0043 0.9871 0.0043
0.0043 0.9871 0.0043 0.0043
0.9871 0.0043 0.0043 0.0043
0.2457 0.2112 0.2112 0.3319

MOTIF filter3
letter-probability matrix: alength= 4 w= 15 nsites= 1141 E= 0
0.2131 0.2393 0.3424 0.2052
0.8873 0.0017 0.0009 0.1100
0.0009 0.1284 0.0148 0.8559
0.0009 0.9895 0.0026 0.0070
0.0017 0.0105 0.9869 0.0009
0.8847 0.0009 0.0017 0.1127
0.0105 0.9721 0.0166 0.0009
0.0009 0.1240 0.8585 0.0166
0.0009 0.1249 0.0017 0.8725
0.8786 0.0009 0.1197 0.0009
0.0061 0.0044 0.8803 0.1092
0.1109 0.8681 0.0044 0.0166
0.0323 0.0096 0.0017 0.9563
0.9956 0.0009 0.0017 0.0017
0.0044 0.0367 0.9284 0.0306

MOTIF filter4
letter-probability matrix: alength= 4 w= 15 nsites= 1621 E= 0
0.0006 0.0006 0.9982 0.0006
0.0006 0.0006 0.0006 0.9982
0.9982 0.0006 0.0006 0.0006
0.0006 0.0006 0.9982 0.0006
0.0006 0.0006 0.0006 0.9982
0.0006 0.9982 0.0006 0.0006
0.0006 0.9982 0.0006 0.0006
0.0006 0.0006 0.9982 0.0006
0.0006 0.0006 0.0006 0.9982
0.0006 0.9982 0.0006 0.0006
0.0006 0.9982 0.0006 0.0006
0.0006 0.9982 0.0006 0.0006
0.0006 0.0006 0.9982 0.0006
0.0006 0.0006 0.0006 0.9982
0.9982 0.0006 0.0006 0.0006

MOTIF filter5
letter-probability matrix: alength= 4 w= 15 nsites= 521 E= 0
0.0095 0.0019 0.0038 0.9848
0.0019 0.9924 0.0019 0.0038
0.9790 0.0095 0.0076 0.0038
0.0076 0.0057 0.9848 0.0019
0.0019 0.0019 0.0019 0.9943
0.0019 0.9905 0.0019 0.0057
0.0038 0.0019 0.9924 0.0019
0.9924 0.0019 0.0038 0.0019
0.0019 0.0019 0.0019 0.9943
0.0019 0.9905 0.0057 0.0019
0.9943 0.0019 0.0019 0.0019
0.3257 0.2457 0.2762 0.1524
0.3029 0.2267 0.2857 0.1848
0.1486 0.3962 0.2629 0.1924
0.0857 0.1981 0.4476 0.2686

MOTIF filter6
letter-probability matrix: alength= 4 w= 15 nsites= 254 E= 0
0.2791 0.2597 0.2364 0.2248
0.0039 0.9651 0.0116 0.0194
0.0039 0.0349 0.9457 0.0155
0.9147 0.0426 0.0194 0.0233
0.0620 0.0039 0.0039 0.9302
0.0039 0.0310 0.0349 0.9302
0.0039 0.9380 0.0039 0.0543
0.0039 0.0233 0.0039 0.9690
0.9767 0.0039 0.0155 0.0039
0.0039 0.0039 0.9845 0.0078
0.0039 0.9651 0.0039 0.0271
0.0155 0.0426 0.0039 0.9380
0.9884 0.0039 0.0039 0.0039
0.0039 0.0078 0.9806 0.0078
0.0078 0.9535 0.0039 0.0349

MOTIF filter7
letter-probability matrix: alength= 4 w= 15 nsites= 1014 E= 0
0.0010 0.0020 0.0059 0.9912
0.0059 0.9804 0.0039 0.0098
0.0255 0.0079 0.9568 0.0098
0.9784 0.0049 0.0059 0.0108
0.0010 0.9745 0.0196 0.0049
0.0010 0.0010 0.9460 0.0521
0.0010 0.0010 0.0010 0.9971
0.9951 0.0010 0.0020 0.0020
0.0010 0.0010 0.9971 0.0010
0.0010 0.9499 0.0010 0.0481
0.0010 0.0501 0.0010 0.9479
0.9951 0.0010 0.0010 0.0029
0.0020 0.0010 0.9961 0.0010
0.0010 0.9489 0.0010 0.0491
0.2358 0.3134 0.2466 0.2043

