MEME version 4

ALPHABET= ACGT

Background letter frequencies:
A 0.2500 C 0.2500 G 0.2500 T 0.2500

MOTIF filter0
letter-probability matrix: alength= 4 w= 15 nsites= 96 E= 0
0.2600 0.3100 0.1400 0.2900
0.1700 0.0300 0.0200 0.7800
0.1800 0.7200 0.0300 0.0700
0.3100 0.0100 0.5200 0.1600
0.0100 0.8500 0.0100 0.1300
0.0500 0.0500 0.8700 0.0300
0.0100 0.2300 0.3700 0.3900
0.0400 0.2200 0.1900 0.5500
0.1900 0.1200 0.5700 0.1200
0.0300 0.1500 0.6600 0.1600
0.4800 0.0100 0.1300 0.3800
0.0100 0.1900 0.7800 0.0200
0.0300 0.4800 0.0100 0.4800
0.0200 0.2800 0.5200 0.1800
0.2600 0.4700 0.1700 0.1000

MOTIF filter1
letter-probability matrix: alength= 4 w= 15 nsites= 208 E= 0
0.2453 0.2877 0.1887 0.2783
0.2264 0.2453 0.2594 0.2689
0.2783 0.2264 0.2311 0.2642
0.2028 0.2689 0.2547 0.2736
0.2453 0.2358 0.2925 0.2264
0.4104 0.4245 0.1132 0.0519
0.9858 0.0047 0.0047 0.0047
0.0047 0.0047 0.9858 0.0047
0.0047 0.0047 0.9858 0.0047
0.9858 0.0047 0.0047 0.0047
0.0047 0.2311 0.0047 0.7594
0.9481 0.0047 0.0047 0.0425
0.9858 0.0047 0.0047 0.0047
0.0377 0.2264 0.1321 0.6038
0.2642 0.2453 0.2358 0.2547

MOTIF filter2
letter-probability matrix: alength= 4 w= 15 nsites= 52 E= 0
0.0179 0.9286 0.0179 0.0357
0.0357 0.9286 0.0179 0.0179
0.0536 0.8750 0.0536 0.0179
0.0179 0.9286 0.0179 0.0357
0.0714 0.8929 0.0179 0.0179
0.0179 0.9286 0.0179 0.0357
0.0179 0.9464 0.0179 0.0179
0.0536 0.4107 0.2500 0.2857
0.1607 0.2857 0.1429 0.4107
0.2500 0.1786 0.2143 0.3571
0.0714 0.2679 0.3036 0.3571
0.1607 0.1786 0.2143 0.4464
0.3393 0.0893 0.3036 0.2679
0.2143 0.1071 0.3214 0.3571
0.1429 0.2500 0.3750 0.2321

MOTIF filter3
letter-probability matrix: alength= 4 w= 15 nsites= 35 E= 0
0.8462 0.1026 0.0256 0.0256
0.9231 0.0256 0.0256 0.0256
0.0256 0.5385 0.3333 0.1026
0.0256 0.8718 0.0513 0.0513
0.5385 0.4103 0.0256 0.0256
0.1282 0.0256 0.4872 0.3590
0.0769 0.0256 0.5128 0.3846
0.0256 0.3077 0.3333 0.3333
0.1795 0.3590 0.1795 0.2821
0.8205 0.1026 0.0513 0.0256
0.0769 0.2308 0.0256 0.6667
0.4359 0.1026 0.3077 0.1538
0.0769 0.3590 0.2564 0.3077
0.1538 0.0256 0.0513 0.7692
0.2821 0.0769 0.2821 0.3590

MOTIF filter4
letter-probability matrix: alength= 4 w= 15 nsites= 51 E= 0
0.3455 0.2182 0.2727 0.1636
0.0727 0.8364 0.0182 0.0727
0.0182 0.8909 0.0182 0.0727
0.0182 0.9455 0.0182 0.0182
0.0182 0.9455 0.0182 0.0182
0.0182 0.9455 0.0182 0.0182
0.0182 0.9455 0.0182 0.0182
0.0182 0.9455 0.0182 0.0182
0.1273 0.6909 0.0909 0.0909
0.2545 0.4727 0.1273 0.1455
0.1818 0.3818 0.2000 0.2364
0.2727 0.3636 0.2727 0.0909
0.2182 0.2727 0.3818 0.1273
0.2182 0.2545 0.2364 0.2909
0.1636 0.2182 0.3273 0.2909

MOTIF filter5
letter-probability matrix: alength= 4 w= 15 nsites= 59 E= 0
0.0317 0.0794 0.3016 0.5873
0.0635 0.6667 0.1905 0.0794
0.6825 0.1905 0.0794 0.0476
0.0159 0.2063 0.0159 0.7619
0.0317 0.2698 0.2698 0.4286
0.5079 0.1746 0.1746 0.1429
0.4127 0.4921 0.0317 0.0635
0.2540 0.0952 0.0476 0.6032
0.3492 0.0317 0.4444 0.1746
0.0317 0.3016 0.6508 0.0159
0.2698 0.0159 0.6190 0.0952
0.0159 0.3968 0.5556 0.0317
0.0635 0.7460 0.0317 0.1587
0.0159 0.1587 0.1111 0.7143
0.0159 0.0476 0.9206 0.0159

MOTIF filter6
letter-probability matrix: alength= 4 w= 15 nsites= 65 E= 0
0.2754 0.1014 0.3623 0.2609
0.4203 0.0290 0.2754 0.2754
0.3333 0.1884 0.1884 0.2899
0.2174 0.1884 0.1594 0.4348
0.1159 0.0870 0.6232 0.1739
0.2899 0.0870 0.0290 0.5942
0.2029 0.0870 0.2029 0.5072
0.5507 0.1449 0.0580 0.2464
0.4348 0.0145 0.0435 0.5072
0.6812 0.1449 0.1449 0.0290
0.0145 0.0435 0.9275 0.0145
0.0145 0.0145 0.9420 0.0290
0.9565 0.0145 0.0145 0.0145
0.0145 0.2029 0.0725 0.7101
0.7681 0.2029 0.0145 0.0145

MOTIF filter7
letter-probability matrix: alength= 4 w= 15 nsites= 47 E= 0
0.0196 0.8235 0.0980 0.0588
0.2353 0.0196 0.0980 0.6471
0.0196 0.7647 0.0196 0.1961
0.0784 0.3922 0.3725 0.1569
0.0392 0.4314 0.3137 0.2157
0.1176 0.7059 0.0588 0.1176
0.4118 0.0980 0.1569 0.3333
0.9216 0.0196 0.0196 0.0392
0.4510 0.2353 0.2549 0.0588
0.3137 0.4706 0.1569 0.0588
0.4314 0.0392 0.0392 0.4902
0.0196 0.0392 0.1569 0.7843
0.1373 0.0588 0.4118 0.3922
0.0196 0.0588 0.0588 0.8627
0.5882 0.0196 0.2745 0.1176

