FP001965	000	000	1
FP001872	000	000	1
FP000473	000	000	1
FP000929	000	000	1
FP001354	000	000	1
FP000893	000	000	1
FP002182	000	000	1
FP002267	000	000	1
FP000442	000	000	1
FP000425	000	000	1
FP001901	000	000	1
FP000119	000	000	1
FP001194	000	000	1
FP001444	000	000	1
FP000910	000	000	1
FP000416	000	000	1
FP000542	000	000	1
FP001706	000	000	1
FP001419	000	000	1
FP001612	000	000	1
FP001391	000	000	1
FP000966	000	000	1
FP001792	000	000	1
FP001125	000	000	1
FP000930	000	000	1
FP000037	000	000	1
FP000735	000	000	1
FP000495	000	000	1
FP000701	000	000	1
FP001461	000	000	1
FP001691	000	000	1
FP000219	000	000	1
FP000484	000	000	1
FP002141	000	000	1
FP001144	000	000	1
FP001032	000	000	1
FP001409	000	000	1
FP001827	000	000	1
FP000402	000	000	1
FP001328	000	000	1
FP000928	000	000	1
FP000401	000	000	1
FP001948	000	000	1
FP001648	000	000	1
FP001271	000	000	1
FP000405	000	000	1
FP002392	000	000	1
FP000885	000	000	1
FP001876	000	000	1
FP001351	000	000	1
FP001960	000	000	1
FP002281	000	000	1
FP002355	000	000	1
FP001289	000	000	1
FP001736	000	000	1
FP001269	000	000	1
FP002283	000	000	1
FP001008	000	000	1
FP000571	000	000	1
FP001528	000	000	1
FP001107	000	000	1
FP000247	000	000	1
FP000167	000	000	1
FP002034	000	000	1
FP001977	000	000	1
FP001293	000	000	1
FP001836	000	000	1
FP000623	000	000	1
FP001828	000	000	1
FP000747	000	000	1
FP002324	000	000	1
FP000757	000	000	1
FP001774	000	000	1
FP000262	000	000	1
FP001065	000	000	1
FP001192	000	000	1
FP001673	000	000	1
FP002071	000	000	1
FP000376	000	000	1
FP000255	000	000	1
FP002108	000	000	1
FP001314	000	000	1
FP001743	000	000	1
FP000053	000	000	1
FP000113	000	000	1
FP000244	000	000	1
FP001517	000	000	1
FP001870	000	000	1
FP001169	000	000	1
FP001685	000	000	1
FP000046	000	000	1
FP002160	000	000	1
FP001368	000	000	1
FP000748	000	000	1
FP000360	000	000	1
FP001255	000	000	1
FP001961	000	000	1
FP000846	000	000	1
FP000422	000	000	1
FP000527	000	000	1
FP002258	000	000	1
FP000058	000	000	1
FP001101	000	000	1
FP000911	000	000	1
FP001833	000	000	1
FP001971	000	000	1
FP000621	000	000	1
FP001928	000	000	1
FP002244	000	000	1
FP001932	000	000	1
FP001408	000	000	1
FP001009	000	000	1
FP000252	000	000	1
FP000334	000	000	1
FP001507	000	000	1
FP002219	000	000	1
FP002438	000	000	1
FP000750	000	000	1
FP002405	000	000	1
FP000983	000	000	1
FP000013	000	000	1
FP000525	000	000	1
FP001335	000	000	1
FP002543	000	000	1
FP001331	000	000	1
FP002533	000	000	1
FP000572	000	000	1
FP002481	000	000	1
FP002583	000	000	1
FP001430	000	000	1
FP000838	000	000	1
FP001167	000	000	1
FP002074	000	000	1
FP000226	000	000	1
FP002290	000	000	1
FP000411	000	000	1
FP000822	000	000	1
FP000855	000	000	1
FP001538	000	000	1
FP000791	000	000	1
FP000417	000	000	1
FP001847	000	000	1
FP000321	000	000	1
FP000060	000	000	1
FP002512	000	000	1
FP001922	000	000	1
FP001450	000	000	1
FP000083	000	000	1
FP000898	000	000	1
FP002340	000	000	1
FP000731	000	000	1
FP001361	000	000	1
FP000824	000	000	1
FP000492	000	000	1
FP001128	000	000	1
FP002471	000	000	1
FP001660	000	000	1
FP000361	000	000	1
FP002522	000	000	1
FP002369	000	000	1
FP001283	000	000	1
FP001357	000	000	1
FP001972	000	000	1
FP000170	000	000	1
FP001349	000	000	1
FP001661	000	000	1
FP000201	000	000	1
FP000212	000	000	1
FP000061	000	000	1
FP000995	000	000	1
FP002126	000	000	1
FP000582	000	000	1
FP000091	000	000	1
FP000732	000	000	1
FP000347	000	000	1
FP001487	000	000	1
FP001905	000	000	1
FP002406	000	000	1
FP000784	000	000	1
FP001801	000	000	1
FP000413	000	000	1
FP001696	000	000	1
FP001592	000	000	1
FP000446	000	000	1
FP000640	000	000	1
FP000569	000	000	1
FP000004	000	000	1
FP001064	000	000	1
FP000063	000	000	1
FP000508	000	000	1
FP000550	000	000	1
FP000064	000	000	1
FP000127	000	000	1
FP000603	000	000	1
FP001908	000	000	1
FP000133	000	000	1
FP001394	000	000	1
FP002419	000	000	1
FP001563	000	000	1
FP002578	000	000	1
FP000320	000	000	1
FP000801	000	000	1
FP001233	000	000	1
FP000092	000	000	1
FP001000	000	000	1
FP000379	000	000	1
FP002453	000	000	1
FP001620	000	000	1
FP000685	000	000	1
FP000876	000	000	1
FP000868	000	000	1
FP000315	000	000	1
FP001363	000	000	1
FP000573	000	000	1
FP001609	000	000	1
FP000773	000	000	1
FP001723	000	000	1
FP000331	000	000	1
FP001217	000	000	1
FP000864	000	000	1
FP000714	000	000	1
FP002185	000	000	1
FP000368	000	000	1
FP001629	000	000	1
FP001130	000	000	1
FP002036	000	000	1
FP001021	000	000	1
FP002040	000	000	1
FP002197	000	000	1
FP000049	000	000	1
FP001264	000	000	1
FP000650	000	000	1
FP000358	000	000	1
FP000656	000	000	1
FP001412	000	000	1
FP000451	000	000	1
FP000849	000	000	1
FP001920	000	000	1
FP002202	000	000	1
FP000418	000	000	1
FP000699	000	000	1
FP000181	000	000	1
FP000012	000	000	1
FP002385	000	000	1
FP002175	000	000	1
FP000211	000	000	1
FP001339	000	000	1
FP000949	000	000	1
FP002291	000	000	1
FP002284	000	000	1
FP000877	000	000	1
FP000504	000	000	1
FP001981	000	000	1
FP002582	000	000	1
FP001988	000	000	1
FP001046	000	000	1
FP002421	000	000	1
FP001439	000	000	1
FP002555	000	000	1
FP001848	000	000	1
FP001386	000	000	1
FP000781	000	000	1
FP001005	000	000	1
FP001208	000	000	1
FP001170	000	000	1
FP002449	000	000	1
FP000914	000	000	1
FP001560	000	000	1
FP000481	000	000	1
FP001527	000	000	1
FP000657	000	000	1
FP000934	000	000	1
FP000586	000	000	1
FP001448	000	000	1
FP002061	000	000	1
FP000479	000	000	1
FP001491	000	000	1
FP001171	000	000	1
FP001583	000	000	1
FP000161	000	000	1
FP001949	000	000	1
FP001802	000	000	1
FP000708	000	000	1
FP000100	000	000	1
FP000706	000	000	1
FP000146	000	000	1
FP001422	000	000	1
FP002131	000	000	1
FP001839	000	000	1
FP000646	000	000	1
FP001053	000	000	1
FP002155	000	000	1
FP001883	000	000	1
FP001818	000	000	1
FP000110	000	000	1
FP001837	000	000	1
FP001162	000	000	1
FP000987	000	000	1
FP001344	000	000	1
FP001215	000	000	1
FP001951	000	000	1
FP001267	000	000	1
FP000116	000	000	1
FP000036	000	000	1
FP000470	000	000	1
FP000330	000	000	1
FP000488	000	000	1
FP002228	000	000	1
FP001581	000	000	1
FP000241	000	000	1
FP001974	000	000	1
FP000151	000	000	1
FP001285	000	000	1
FP000098	000	000	1
FP001126	000	000	1
FP001263	000	000	1
FP001954	000	000	1
FP002207	000	000	1
FP002293	000	000	1
FP000882	000	000	1
FP000259	000	000	1
FP000711	000	000	1
FP000089	000	000	1
FP000630	000	000	1
FP001124	000	000	1
FP001641	000	000	1
FP000375	000	000	1
FP001938	000	000	1
FP000377	000	000	1
FP001659	000	000	1
FP000469	000	000	1
FP001681	000	000	1
FP000102	000	000	1
FP001542	000	000	1
FP000989	000	000	1
FP001656	000	000	1
FP001923	000	000	1
FP001270	000	000	1
FP001747	000	000	1
FP001926	000	000	1
FP000281	000	000	1
FP002068	000	000	1
FP000355	000	000	1
FP000552	000	000	1
FP001102	000	000	1
FP002393	000	000	1
FP001654	000	000	1
FP001851	000	000	1
FP000385	000	000	1
FP000795	000	000	1
FP001658	000	000	1
FP002588	000	000	1
FP000522	000	000	1
FP001978	000	000	1
FP000936	000	000	1
FP001730	000	000	1
FP001207	000	000	1
FP000517	000	000	1
FP001057	000	000	1
FP002088	000	000	1
FP001632	000	000	1
FP000831	000	000	1
FP001518	000	000	1
FP001513	000	000	1
FP001708	000	000	1
FP000031	000	000	1
FP000288	000	000	1
FP000717	000	000	1
FP001495	000	000	1
FP000598	000	000	1
FP002510	000	000	1
FP001655	000	000	1
FP001159	000	000	1
FP002463	000	000	1
FP001930	000	000	1
FP001841	000	000	1
FP001524	000	000	1
FP002428	000	000	1
FP002278	000	000	1
FP000793	000	000	1
FP002170	000	000	1
FP001598	000	000	1
FP002589	000	000	1
FP002439	000	000	1
FP001830	000	000	1
FP000577	000	000	1
FP000690	000	000	1
FP000184	000	000	1
FP000468	000	000	1
FP001440	000	000	1
FP001480	000	000	1
FP002525	000	000	1
FP001282	000	000	1
FP002142	000	000	1
FP002067	000	000	1
FP002204	000	000	1
FP001426	000	000	1
FP000543	000	000	1
FP002446	000	000	1
FP000317	000	000	1
FP002080	000	000	1
FP001359	000	000	1
FP000015	000	000	1
FP001007	000	000	1
FP000034	000	000	1
FP000079	000	000	1
FP000973	000	000	1
FP002118	000	000	1
FP001202	000	000	1
FP000661	000	000	1
FP000338	000	000	1
FP001676	000	000	1
FP002280	000	000	1
FP001028	000	000	1
FP001127	000	000	1
FP000143	000	000	1
FP000305	000	000	1
FP002085	000	000	1
FP002429	000	000	1
FP000493	000	000	1
FP000771	000	000	1
FP002218	000	000	1
FP002297	000	000	1
FP001888	000	000	1
FP000419	000	000	1
FP002435	000	000	1
FP001627	000	000	1
FP001188	000	000	1
FP002418	000	000	1
FP001825	000	000	1
FP002098	000	000	1
FP000968	000	000	1
FP000424	000	000	1
FP001684	000	000	1
FP002224	000	000	1
FP000713	000	000	1
FP000799	000	000	1
FP000519	000	000	1
FP002440	000	000	1
FP000457	000	000	1
FP002044	000	000	1
FP001666	000	000	1
FP002376	000	000	1
FP001635	000	000	1
FP002535	000	000	1
FP001030	000	000	1
FP000798	000	000	1
FP002058	000	000	1
FP000665	000	000	1
FP002009	000	000	1
FP000906	000	000	1
FP001945	000	000	1
FP000051	000	000	1
FP000693	000	000	1
FP001149	000	000	1
FP001569	000	000	1
FP001329	000	000	1
FP002544	000	000	1
FP000308	000	000	1
FP000090	000	000	1
FP001787	000	000	1
FP001677	000	000	1
FP002450	000	000	1
FP001178	000	000	1
FP002437	000	000	1
FP001381	000	000	1
FP000322	000	000	1
FP000762	000	000	1
FP000204	000	000	1
FP002255	000	000	1
FP000261	000	000	1
FP001305	000	000	1
FP000087	000	000	1
FP002168	000	000	1
FP001308	000	000	1
FP000177	000	000	1
FP000702	000	000	1
FP000440	000	000	1
FP000121	000	000	1
FP001574	000	000	1
FP002394	000	000	1
FP000318	000	000	1
FP002167	000	000	1
FP001376	000	000	1
FP001275	000	000	1
FP000851	000	000	1
FP002106	000	000	1
FP001756	000	000	1
FP000778	000	000	1
FP000263	000	000	1
FP002201	000	000	1
FP001672	000	000	1
FP000351	000	000	1
FP001310	000	000	1
FP000794	000	000	1
FP001781	000	000	1
FP000236	000	000	1
FP001858	000	000	1
FP000323	000	000	1
FP001586	000	000	1
FP002221	000	000	1
FP001719	000	000	1
FP001026	000	000	1
FP002039	000	000	1
FP002084	000	000	1
FP000887	000	000	1
FP002314	000	000	1
FP001251	000	000	1
FP000164	000	000	1
FP002343	000	000	1
FP002586	000	000	1
FP001550	000	000	1
FP000430	000	000	1
FP000677	000	000	1
FP001161	000	000	1
FP000524	000	000	1
FP000337	000	000	1
FP000514	000	000	1
FP001157	000	000	1
FP000649	000	000	1
FP001873	000	000	1
FP001832	000	000	1
FP000436	000	000	1
FP001198	000	000	1
FP000840	000	000	1
FP001864	000	000	1
FP001069	000	000	1
FP001477	000	000	1
FP000942	000	000	1
FP000220	000	000	1
FP000009	000	000	1
FP001302	000	000	1
FP000209	000	000	1
FP000023	000	000	1
FP000560	000	000	1
FP000441	000	000	1
FP001110	000	000	1
FP000062	000	000	1
FP002313	000	000	1
FP002572	000	000	1
FP002570	000	000	1
FP002489	000	000	1
FP000154	000	000	1
FP001523	000	000	1
FP000953	000	000	1
FP000826	000	000	1
FP000752	000	000	1
FP001236	000	000	1
FP002200	000	000	1
FP000269	000	000	1
FP001522	000	000	1
FP002081	000	000	1
FP000414	000	000	1
FP001295	000	000	1
FP001898	000	000	1
FP001751	000	000	1
FP000193	000	000	1
FP001553	000	000	1
FP002585	000	000	1
FP000782	000	000	1
FP001757	000	000	1
FP001180	000	000	1
FP002178	000	000	1
FP001989	000	000	1
FP001504	000	000	1
FP000759	000	000	1
FP001994	000	000	1
FP000829	000	000	1
FP002162	000	000	1
FP001147	000	000	1
FP001367	000	000	1
FP000710	000	000	1
FP001520	000	000	1
FP002333	000	000	1
FP001604	000	000	1
FP001890	000	000	1
FP000327	000	000	1
FP000671	000	000	1
FP000774	000	000	1
FP001657	000	000	1
FP002461	000	000	1
FP000340	000	000	1
FP002574	000	000	1
FP000192	000	000	1
FP001692	000	000	1
FP000224	000	000	1
FP001311	000	000	1
FP001863	000	000	1
FP000905	000	000	1
FP000044	000	000	1
FP001254	000	000	1
FP000396	000	000	1
FP000390	000	000	1
FP000407	000	000	1
FP001997	000	000	1
FP001211	000	000	1
FP002363	000	000	1
FP000367	000	000	1
FP000843	000	000	1
FP000718	000	000	1
FP000282	000	000	1
FP002409	000	000	1
FP001100	000	000	1
FP001087	000	000	1
FP001594	000	000	1
FP002361	000	000	1
FP001615	000	000	1
FP001307	000	000	1
FP001378	000	000	1
FP002102	000	000	1
FP000231	000	000	1
FP002358	000	000	1
FP001084	000	000	1
FP000912	000	000	1
FP000139	000	000	1
FP000136	000	000	1
FP001545	000	000	1
FP002587	000	000	1
FP000721	000	000	1
FP000319	000	000	1
FP000429	000	000	1
FP002187	000	000	1
FP001680	000	000	1
FP002132	000	000	1
FP000297	000	000	1
FP000736	000	000	1
FP001003	000	000	1
FP002318	000	000	1
FP001842	000	000	1
FP001330	000	000	1
FP000166	000	000	1
FP000270	000	000	1
FP001470	000	000	1
FP000767	000	000	1
FP000144	000	000	1
FP002320	000	000	1
FP001575	000	000	1
FP000010	000	000	1
FP001259	000	000	1
FP000165	000	000	1
FP001324	000	000	1
FP000740	000	000	1
FP000705	000	000	1
FP002107	000	000	1
FP001532	000	000	1
FP002029	000	000	1
FP001642	000	000	1
FP001614	000	000	1
FP001090	000	000	1
FP001806	000	000	1
FP002012	000	000	1
FP001112	000	000	1
FP000433	000	000	1
FP000896	000	000	1
FP001414	000	000	1
FP002234	000	000	1
FP000687	000	000	1
FP000093	000	000	1
FP000599	000	000	1
FP000280	000	000	1
FP002571	000	000	1
FP002017	000	000	1
FP000921	000	000	1
FP000806	000	000	1
FP001156	000	000	1
FP000764	000	000	1
FP000490	000	000	1
FP002516	000	000	1
FP001209	000	000	1
FP001174	000	000	1
FP001402	000	000	1
FP002325	000	000	1
FP000348	000	000	1
FP002110	000	000	1
FP000353	000	000	1
FP000228	000	000	1
FP000900	000	000	1
FP001229	000	000	1
FP002379	000	000	1
FP002495	000	000	1
FP002368	000	000	1
FP001284	000	000	1
FP000332	000	000	1
FP002225	000	000	1
FP000439	000	000	1
FP002545	000	000	1
FP001411	000	000	1
FP001475	000	000	1
FP001183	000	000	1
FP000537	000	000	1
FP000182	000	000	1
FP000866	000	000	1
FP001561	000	000	1
FP001415	000	000	1
FP001034	000	000	1
FP000363	000	000	1
FP002342	000	000	1
FP000753	000	000	1
FP001447	000	000	1
FP001472	000	000	1
FP000985	000	000	1
FP001498	000	000	1
FP001051	000	000	1
FP001342	000	000	1
FP001164	000	000	1
FP000854	000	000	1
FP000513	000	000	1
FP001304	000	000	1
FP001268	000	000	1
FP002305	000	000	1
FP000399	000	000	1
FP001915	000	000	1
FP000324	000	000	1
FP002579	000	000	1
FP000120	000	000	1
FP002147	000	000	1
FP000607	000	000	1
FP001889	000	000	1
FP002104	000	000	1
FP002181	000	000	1
FP002195	000	000	1
FP000108	000	000	1
FP000461	000	000	1
FP001950	000	000	1
FP002037	000	000	1
FP002233	000	000	1
FP000880	000	000	1
FP002303	000	000	1
FP000982	000	000	1
FP001369	000	000	1
FP000124	000	000	1
FP000471	000	000	1
FP000518	000	000	1
FP000056	000	000	1
FP002364	000	000	1
FP000578	000	000	1
FP001278	000	000	1
FP002269	000	000	1
FP001861	000	000	1
FP002295	000	000	1
FP002124	000	000	1
FP001577	000	000	1
FP001201	000	000	1
FP000871	000	000	1
FP001332	000	000	1
FP000679	000	000	1
FP001478	000	000	1
FP002163	000	000	1
FP002215	000	000	1
FP000807	000	000	1
FP000659	000	000	1
FP000684	000	000	1
FP001037	000	000	1
FP001887	000	000	1
FP000248	000	000	1
FP002561	000	000	1
FP001119	000	000	1
FP000511	000	000	1
FP002398	000	000	1
FP001115	000	000	1
FP000754	000	000	1
FP002492	000	000	1
FP000609	000	000	1
FP002459	000	000	1
FP001096	000	000	1
FP001438	000	000	1
FP001473	000	000	1
FP001493	000	000	1
FP001443	000	000	1
FP002140	000	000	1
FP000813	000	000	1
FP001360	000	000	1
FP000301	000	000	1
FP002518	000	000	1
FP001732	000	000	1
FP000026	000	000	1
FP002232	000	000	1
FP001976	000	000	1
FP001679	000	000	1
FP000455	000	000	1
FP001652	000	000	1
FP001778	000	000	1
FP001992	000	000	1
FP002209	000	000	1
FP002509	000	000	1
FP000978	000	000	1
FP000745	000	000	1
FP000948	000	000	1
FP001789	000	000	1
FP001462	000	000	1
FP002186	000	000	1
FP000923	000	000	1
FP000027	000	000	1
FP002066	000	000	1
FP000444	000	000	1
FP001445	000	000	1
FP001291	000	000	1
FP001134	000	000	1
FP001476	000	000	1
FP002332	000	000	1
FP000556	000	000	1
FP000022	000	000	1
FP000229	000	000	1
FP001834	000	000	1
FP000466	000	000	1
FP001143	000	000	1
FP000997	000	000	1
FP000845	000	000	1
FP000043	000	000	1
FP000874	000	000	1
FP001365	000	000	1
FP002554	000	000	1
FP001534	000	000	1
FP000984	000	000	1
FP000128	000	000	1
FP001503	000	000	1
FP000503	000	000	1
FP001946	000	000	1
FP000354	000	000	1
FP001135	000	000	1
FP001488	000	000	1
FP002129	000	000	1
FP001111	000	000	1
FP001353	000	000	1
FP001934	000	000	1
FP000972	000	000	1
FP001141	000	000	1
FP001935	000	000	1
FP001549	000	000	1
FP001055	000	000	1
FP001118	000	000	1
FP002415	000	000	1
FP002541	000	000	1
FP001804	000	000	1
FP000653	000	000	1
FP000583	000	000	1
FP000365	000	000	1
FP000275	000	000	1
FP000155	000	000	1
FP001967	000	000	1
FP000993	000	000	1
FP001511	000	000	1
FP001050	000	000	1
FP001428	000	000	1
FP001735	000	000	1
FP002045	000	000	1
FP000673	000	000	1
FP002048	000	000	1
FP002359	000	000	1
FP001237	000	000	1
FP000176	000	000	1
FP001638	000	000	1
FP001877	000	000	1
FP001705	000	000	1
FP002161	000	000	1
FP001140	000	000	1
FP000797	000	000	1
FP001509	000	000	1
FP002264	000	000	1
FP001459	000	000	1
FP000163	000	000	1
FP001849	000	000	1
FP001597	000	000	1
FP000294	000	000	1
FP002538	000	000	1
FP000293	000	000	1
FP000452	000	000	1
FP001399	000	000	1
FP001395	000	000	1
FP000339	000	000	1
FP001323	000	000	1
FP000254	000	000	1
FP000412	000	000	1
FP000021	000	000	1
FP001900	000	000	1
FP001148	000	000	1
FP001225	000	000	1
FP001186	000	000	1
FP002596	000	000	1
FP002550	000	000	1
FP001943	000	000	1
FP001902	000	000	1
FP001113	000	000	1
FP000540	000	000	1
FP001875	000	000	1
FP001494	000	000	1
FP000129	000	000	1
FP002223	000	000	1
FP000969	000	000	1
FP001634	000	000	1
FP001137	000	000	1
FP002487	000	000	1
FP000057	000	000	1
FP001670	000	000	1
FP002403	000	000	1
FP001752	000	000	1
FP002217	000	000	1
FP000134	000	000	1
FP000097	000	000	1
FP001138	000	000	1
FP001379	000	000	1
FP002014	000	000	1
FP002198	000	000	1
FP002416	000	000	1
FP000944	000	000	1
FP002500	000	000	1
FP001228	000	000	1
FP000703	000	000	1
FP000316	000	000	1
FP000403	000	000	1
FP001486	000	000	1
FP001990	000	000	1
FP000971	000	000	1
FP000389	000	000	1
FP001427	000	000	1
FP000742	000	000	1
FP002149	000	000	1
FP000357	000	000	1
FP000751	000	000	1
FP000242	000	000	1
FP000035	000	000	1
FP001649	000	000	1
FP002053	000	000	1
FP000937	000	000	1
FP001859	000	000	1
FP000991	000	000	1
FP002412	000	000	1
FP001056	000	000	1
FP000957	000	000	1
FP000675	000	000	1
FP001132	000	000	1
FP001238	000	000	1
FP001250	000	000	1
FP001759	000	000	1
FP001296	000	000	1
FP000549	000	000	1
FP000681	000	000	1
FP000187	000	000	1
FP002521	000	000	1
FP000785	000	000	1
FP001489	000	000	1
FP001793	000	000	1
FP000712	000	000	1
FP002064	000	000	1
FP001123	000	000	1
FP001909	000	000	1
FP000453	000	000	1
FP001320	000	000	1
FP000070	000	000	1
FP001714	000	000	1
FP000423	000	000	1
FP001807	000	000	1
FP000629	000	000	1
FP000141	000	000	1
FP002101	000	000	1
FP000941	000	000	1
FP002591	000	000	1
FP000462	000	000	1
FP000426	000	000	1
FP002112	000	000	1
FP000870	000	000	1
FP002220	000	000	1
FP001686	000	000	1
FP001931	000	000	1
FP001187	000	000	1
FP002593	000	000	1
FP001568	000	000	1
FP000068	000	000	1
FP001235	000	000	1
FP001222	000	000	1
FP001298	000	000	1
FP001117	000	000	1
FP001484	000	000	1
FP000834	000	000	1
FP001907	000	000	1
FP001151	000	000	1
FP001318	000	000	1
FP001219	000	000	1
FP000260	000	000	1
FP001322	000	000	1
FP000763	000	000	1
FP000392	000	000	1
FP001721	000	000	1
FP002490	000	000	1
FP001579	000	000	1
FP001490	000	000	1
FP001970	000	000	1
FP001371	000	000	1
FP001193	000	000	1
FP002566	000	000	1
FP000272	000	000	1
FP001602	000	000	1
FP000827	000	000	1
FP001370	000	000	1
FP001006	000	000	1
FP001483	000	000	1
FP000180	000	000	1
FP000103	000	000	1
FP002089	000	000	1
FP000809	000	000	1
FP000836	000	000	1
FP000561	000	000	1
FP002442	000	000	1
FP001548	000	000	1
FP000480	000	000	1
FP002505	000	000	1
FP001079	000	000	1
FP002254	000	000	1
FP001168	000	000	1
FP001591	000	000	1
FP000501	000	000	1
FP000202	000	000	1
FP000988	000	000	1
FP001497	000	000	1
FP001640	000	000	1
FP001636	000	000	1
FP001891	000	000	1
FP000839	000	000	1
FP001699	000	000	1
FP001843	000	000	1
FP001728	000	000	1
FP002212	000	000	1
FP001277	000	000	1
FP001869	000	000	1
FP001911	000	000	1
FP002172	000	000	1
FP001325	000	000	1
FP002569	000	000	1
FP001585	000	000	1
FP000343	000	000	1
FP001396	000	000	1
FP001372	000	000	1
FP000627	000	000	1
FP000041	000	000	1
FP002351	000	000	1
FP000498	000	000	1
FP001556	000	000	1
FP002321	000	000	1
FP001018	000	000	1
FP001610	000	000	1
FP002210	000	000	1
FP002083	000	000	1
FP002331	000	000	1
FP001262	000	000	1
FP000648	000	000	1
FP002268	000	000	1
FP001152	000	000	1
FP001468	000	000	1
FP000668	000	000	1
FP002411	000	000	1
FP000576	000	000	1
FP002404	000	000	1
FP000095	000	000	1
FP000169	000	000	1
FP000951	000	000	1
FP001771	000	000	1
FP001554	000	000	1
FP001341	000	000	1
FP002273	000	000	1
FP000387	000	000	1
FP002423	000	000	1
FP000249	000	000	1
FP000559	000	000	1
FP001703	000	000	1
FP000464	000	000	1
FP001203	000	000	1
FP002006	000	000	1
FP000008	000	000	1
FP001966	000	000	1
FP001062	000	000	1
FP002515	000	000	1
FP000812	000	000	1
FP000222	000	000	1
FP001599	000	000	1
FP002176	000	000	1
FP000109	000	000	1
FP001045	000	000	1
FP002299	000	000	1
FP000802	000	000	1
FP001617	000	000	1
FP002030	000	000	1
FP001492	000	000	1
FP002548	000	000	1
FP000208	000	000	1
FP002551	000	000	1
FP001996	000	000	1
FP000175	000	000	1
FP002501	000	000	1
FP000589	000	000	1
FP001742	000	000	1
FP001973	000	000	1
FP001406	000	000	1
FP000664	000	000	1
FP001398	000	000	1
FP002552	000	000	1
FP000994	000	000	1
FP002378	000	000	1
FP002239	000	000	1
FP002542	000	000	1
FP001200	000	000	1
FP000325	000	000	1
FP001543	000	000	1
FP001541	000	000	1
FP000614	000	000	1
FP001452	000	000	1
FP002532	000	000	1
FP001076	000	000	1
FP001204	000	000	1
FP000526	000	000	1
FP000456	000	000	1
FP001485	000	000	1
FP001755	000	000	1
FP000707	000	000	1
FP000644	000	000	1
FP002003	000	000	1
FP002117	000	000	1
FP002121	000	000	1
FP000081	000	000	1
FP002199	000	000	1
FP000485	000	000	1
FP000835	000	000	1
FP000050	000	000	1
FP002309	000	000	1
FP002460	000	000	1
FP000268	000	000	1
FP001529	000	000	1
FP000641	000	000	1
FP001786	000	000	1
FP001881	000	000	1
FP001671	000	000	1
FP002380	000	000	1
FP000697	000	000	1
FP000287	000	000	1
FP002594	000	000	1
FP001871	000	000	1
FP001850	000	000	1
FP001683	000	000	1
FP001385	000	000	1
FP000932	000	000	1
FP001797	000	000	1
FP001726	000	000	1
FP001400	000	000	1
FP002506	000	000	1
FP001979	000	000	1
FP000651	000	000	1
FP000138	000	000	1
FP001720	000	000	1
FP001637	000	000	1
FP002152	000	000	1
FP002400	000	000	1
FP000445	000	000	1
FP000114	000	000	1
FP001734	000	000	1
FP000118	000	000	1
FP001694	000	000	1
FP002476	000	000	1
FP001593	000	000	1
FP001879	000	000	1
FP000610	000	000	1
FP000823	000	000	1
FP000205	000	000	1
FP001290	000	000	1
FP000894	000	000	1
FP001741	000	000	1
FP001423	000	000	1
FP000328	000	000	1
FP001425	000	000	1
FP000232	000	000	1
FP001246	000	000	1
FP002422	000	000	1
FP001105	000	000	1
FP000509	000	000	1
FP001088	000	000	1
FP001816	000	000	1
FP000168	000	000	1
FP002027	000	000	1
FP002035	000	000	1
FP000581	000	000	1
FP000223	000	000	1
FP001441	000	000	1
FP001336	000	000	1
FP000311	000	000	1
FP000099	000	000	1
FP002189	000	000	1
FP001106	000	000	1
FP002386	000	000	1
FP002248	000	000	1
FP002514	000	000	1
FP000101	000	000	1
FP001999	000	000	1
FP000587	000	000	1
FP000861	000	000	1
FP000189	000	000	1
FP000669	000	000	1
FP000548	000	000	1
FP002060	000	000	1
FP001820	000	000	1
FP001744	000	000	1
FP000435	000	000	1
FP002338	000	000	1
FP000505	000	000	1
FP001812	000	000	1
FP002432	000	000	1
FP001746	000	000	1
FP000859	000	000	1
FP000298	000	000	1
FP001253	000	000	1
FP001081	000	000	1
FP000132	000	000	1
FP001022	000	000	1
FP002426	000	000	1
FP001358	000	000	1
FP000410	000	000	1
FP000274	000	000	1
FP001936	000	000	1
FP001252	000	000	1
FP002286	000	000	1
FP001446	000	000	1
FP000179	000	000	1
FP002231	000	000	1
FP001437	000	000	1
FP002362	000	000	1
FP001669	000	000	1
FP001919	000	000	1
FP002021	000	000	1
FP002237	000	000	1
FP001822	000	000	1
FP001644	000	000	1
FP002497	000	000	1
FP000746	000	000	1
FP002528	000	000	1
FP002271	000	000	1
FP001835	000	000	1
FP000408	000	000	1
FP000183	000	000	1
FP002475	000	000	1
FP001815	000	000	1
FP000956	000	000	1
FP002154	000	000	1
FP000404	000	000	1
FP000686	000	000	1
FP000350	000	000	1
FP002503	000	000	1
FP001510	000	000	1
FP002296	000	000	1
FP000428	000	000	1
FP000744	000	000	1
FP000565	000	000	1
FP002288	000	000	1
FP000253	000	000	1
FP002240	000	000	1
FP001840	000	000	1
FP001317	000	000	1
FP002241	000	000	1
FP000265	000	000	1
FP001921	000	000	1
FP000858	000	000	1
FP002377	000	000	1
FP000654	000	000	1
FP000290	000	000	1
FP000634	000	000	1
FP000393	000	000	1
FP002230	000	000	1
FP000891	000	000	1
FP000117	000	000	1
FP000502	000	000	1
FP000830	000	000	1
FP000890	000	000	1
FP002015	000	000	1
FP002229	000	000	1
FP002151	000	000	1
FP000302	000	000	1
FP000694	000	000	1
FP000199	000	000	1
FP002274	000	000	1
FP001172	000	000	1
FP000617	000	000	1
FP002145	000	000	1
FP000235	000	000	1
FP000924	000	000	1
FP000214	000	000	1
FP000487	000	000	1
FP002396	000	000	1
FP001903	000	000	1
FP001987	000	000	1
FP001265	000	000	1
FP002306	000	000	1
FP000776	000	000	1
FP000240	000	000	1
FP002347	000	000	1
FP000386	000	000	1
FP002115	000	000	1
FP000105	000	000	1
FP000903	000	000	1
FP002282	000	000	1
FP001150	000	000	1
FP000564	000	000	1
FP000391	000	000	1
FP001333	000	000	1
chr2L	1007440	1007940	0
chr2L	10096057	10096557	0
chr2L	10143297	10143797	0
chr2L	1015243	1015743	0
chr2L	10180064	10180564	0
chr2L	1019150	1019650	0
chr2L	1019679	1020179	0
chr2L	1021737	1022237	0
chr2L	1022916	1023416	0
chr2L	1027594	1028094	0
chr2L	10305320	10305820	0
chr2L	10306954	10307454	0
chr2L	10308075	10308575	0
chr2L	10309696	10310196	0
chr2L	10310778	10311278	0
chr2L	10311421	10311921	0
chr2L	10313154	10313654	0
chr2L	10364641	10365141	0
chr2L	10365527	10366027	0
chr2L	10366042	10366542	0
chr2L	10366750	10367250	0
chr2L	10369040	10369540	0
chr2L	10372064	10372564	0
chr2L	10375330	10375830	0
chr2L	10376181	10376681	0
chr2L	1039448	1039948	0
chr2L	1043230	1043730	0
chr2L	1047766	1048266	0
chr2L	1048604	1049104	0
chr2L	1049798	1050298	0
chr2L	10801596	10802096	0
chr2L	1080373	1080873	0
chr2L	1080909	1081409	0
chr2L	1082443	1082943	0
chr2L	10837448	10837948	0
chr2L	10838026	10838526	0
chr2L	10838654	10839154	0
chr2L	10839951	10840451	0
chr2L	1084061	1084561	0
chr2L	1085327	1085827	0
chr2L	1086303	1086803	0
chr2L	1092372	1092872	0
chr2L	10963980	10964480	0
chr2L	10964593	10965093	0
chr2L	10966056	10966556	0
chr2L	10966671	10967171	0
chr2L	11167557	11168057	0
chr2L	11168098	11168598	0
chr2L	11171676	11172176	0
chr2L	11175456	11175956	0
chr2L	11179002	11179502	0
chr2L	11185111	11185611	0
chr2L	11185770	11186270	0
chr2L	11186282	11186782	0
chr2L	11187857	11188357	0
chr2L	11188538	11189038	0
chr2L	11189409	11189909	0
chr2L	11189914	11190414	0
chr2L	11190752	11191252	0
chr2L	11191557	11192057	0
chr2L	11192487	11192987	0
chr2L	11193093	11193593	0
chr2L	11193920	11194420	0
chr2L	11203562	11204062	0
chr2L	11813345	11813845	0
chr2L	11815275	11815775	0
chr2L	11816339	11816839	0
chr2L	11817032	11817532	0
chr2L	11820935	11821435	0
chr2L	11821829	11822329	0
chr2L	11823456	11823956	0
chr2L	11826801	11827301	0
chr2L	11828992	11829492	0
chr2L	11845876	11846376	0
chr2L	11874587	11875087	0
chr2L	11903142	11903642	0
chr2L	11928445	11928945	0
chr2L	12142509	12143009	0
chr2L	12156453	12156953	0
chr2L	12172125	12172625	0
chr2L	12172968	12173468	0
chr2L	12567668	12568168	0
chr2L	12568318	12568818	0
chr2L	12568848	12569348	0
chr2L	12569762	12570262	0
chr2L	12570939	12571439	0
chr2L	12998068	12998568	0
chr2L	13000214	13000714	0
chr2L	13003020	13003520	0
chr2L	13003674	13004174	0
chr2L	13004282	13004782	0
chr2L	13244574	13245074	0
chr2L	13246292	13246792	0
chr2L	13249705	13250205	0
chr2L	13251027	13251527	0
chr2L	13251569	13252069	0
chr2L	13298882	13299382	0
chr2L	13299651	13300151	0
chr2L	13331200	13331700	0
chr2L	13331839	13332339	0
chr2L	13349183	13349683	0
chr2L	13354656	13355156	0
chr2L	13355540	13356040	0
chr2L	13414925	13415425	0
chr2L	13445176	13445676	0
chr2L	13458630	13459130	0
chr2L	13461232	13461732	0
chr2L	13500020	13500520	0
chr2L	13500589	13501089	0
chr2L	13501900	13502400	0
chr2L	13704323	13704823	0
chr2L	13704915	13705415	0
chr2L	13706332	13706832	0
chr2L	13771064	13771564	0
chr2L	13772453	13772953	0
chr2L	13773243	13773743	0
chr2L	13775227	13775727	0
chr2L	13776081	13776581	0
chr2L	13777119	13777619	0
chr2L	13779742	13780242	0
chr2L	13780486	13780986	0
chr2L	13782922	13783422	0
chr2L	14039038	14039538	0
chr2L	14039902	14040402	0
chr2L	14043368	14043868	0
chr2L	14044854	14045354	0
chr2L	14045908	14046408	0
chr2L	14047609	14048109	0
chr2L	14049140	14049640	0
chr2L	14049722	14050222	0
chr2L	14050539	14051039	0
chr2L	14051224	14051724	0
chr2L	14054445	14054945	0
chr2L	14095116	14095616	0
chr2L	14097163	14097663	0
chr2L	14948712	14949212	0
chr2L	14953545	14954045	0
chr2L	14954076	14954576	0
chr2L	14965727	14966227	0
chr2L	14972272	14972772	0
chr2L	14973133	14973633	0
chr2L	14974077	14974577	0
chr2L	14974674	14975174	0
chr2L	15013268	15013768	0
chr2L	15016022	15016522	0
chr2L	15023199	15023699	0
chr2L	15035411	15035911	0
chr2L	15074711	15075211	0
chr2L	15083314	15083814	0
chr2L	15083821	15084321	0
chr2L	15097703	15098203	0
chr2L	15181153	15181653	0
chr2L	15182422	15182922	0
chr2L	15195642	15196142	0
chr2L	15200305	15200805	0
chr2L	15248818	15249318	0
chr2L	15250688	15251188	0
chr2L	15251198	15251698	0
chr2L	15254059	15254559	0
chr2L	15255845	15256345	0
chr2L	15256546	15257046	0
chr2L	15552364	15552864	0
chr2L	15643567	15644067	0
chr2L	15908942	15909442	0
chr2L	15911446	15911946	0
chr2L	15913434	15913934	0
chr2L	16000241	16000741	0
chr2L	16042006	16042506	0
chr2L	16168288	16168788	0
chr2L	16660135	16660635	0
chr2L	16664845	16665345	0
chr2L	16665721	16666221	0
chr2L	16677195	16677695	0
chr2L	16679006	16679506	0
chr2L	16972747	16973247	0
chr2L	17130780	17131280	0
chr2L	17410482	17410982	0
chr2L	17421253	17421753	0
chr2L	17422077	17422577	0
chr2L	17427754	17428254	0
chr2L	17429990	17430490	0
chr2L	17433063	17433563	0
chr2L	17784337	17784837	0
chr2L	17832211	17832711	0
chr2L	17843713	17844213	0
chr2L	17860773	17861273	0
chr2L	17868199	17868699	0
chr2L	18156541	18157041	0
chr2L	18158252	18158752	0
chr2L	18184540	18185040	0
chr2L	18186643	18187143	0
chr2L	18250850	18251350	0
chr2L	18275773	18276273	0
chr2L	1836527	1837027	0
chr2L	1837669	1838169	0
chr2L	1848986	1849486	0
chr2L	1849645	1850145	0
chr2L	18844282	18844782	0
chr2L	18845134	18845634	0
chr2L	18845717	18846217	0
chr2L	18846343	18846843	0
chr2L	18851207	18851707	0
chr2L	18851953	18852453	0
chr2L	18852971	18853471	0
chr2L	19516250	19516750	0
chr2L	19517102	19517602	0
chr2L	19517774	19518274	0
chr2L	19518377	19518877	0
chr2L	19519124	19519624	0
chr2L	19521336	19521836	0
chr2L	19522017	19522517	0
chr2L	19522621	19523121	0
chr2L	19524174	19524674	0
chr2L	19526019	19526519	0
chr2L	19599451	19599951	0
chr2L	19602150	19602650	0
chr2L	19605411	19605911	0
chr2L	19606124	19606624	0
chr2L	20027325	20027825	0
chr2L	2006073	2006573	0
chr2L	2006689	2007189	0
chr2L	2009099	2009599	0
chr2L	20837702	20838202	0
chr2L	20840257	20840757	0
chr2L	20851311	20851811	0
chr2L	20852522	20853022	0
chr2L	20853984	20854484	0
chr2L	20858698	20859198	0
chr2L	20859484	20859984	0
chr2L	21075168	21075668	0
chr2L	21078092	21078592	0
chr2L	2109891	2110391	0
chr2L	21377733	21378233	0
chr2L	21380343	21380843	0
chr2L	21380855	21381355	0
chr2L	21629367	21629867	0
chr2L	21631183	21631683	0
chr2L	21632504	21633004	0
chr2L	21650804	21651304	0
chr2L	21681588	21682088	0
chr2L	21682731	21683231	0
chr2L	21683358	21683858	0
chr2L	21699715	21700215	0
chr2L	21725258	21725758	0
chr2L	2311364	2311864	0
chr2L	2314035	2314535	0
chr2L	2314752	2315252	0
chr2L	2315868	2316368	0
chr2L	2317120	2317620	0
chr2L	2318746	2319246	0
chr2L	2327168	2327668	0
chr2L	2357530	2358030	0
chr2L	2359925	2360425	0
chr2L	2361148	2361648	0
chr2L	2388445	2388945	0
chr2L	2391537	2392037	0
chr2L	2392342	2392842	0
chr2L	2393813	2394313	0
chr2L	2394945	2395445	0
chr2L	2399788	2400288	0
chr2L	2401006	2401506	0
chr2L	2402087	2402587	0
chr2L	2402866	2403366	0
chr2L	2404031	2404531	0
chr2L	2404553	2405053	0
chr2L	2405293	2405793	0
chr2L	2405983	2406483	0
chr2L	2769097	2769597	0
chr2L	2770080	2770580	0
chr2L	2771335	2771835	0
chr2L	2779655	2780155	0
chr2L	2784100	2784600	0
chr2L	2786441	2786941	0
chr2L	2797721	2798221	0
chr2L	2798450	2798950	0
chr2L	2799442	2799942	0
chr2L	3171749	3172249	0
chr2L	3172369	3172869	0
chr2L	3199643	3200143	0
chr2L	3717555	3718055	0
chr2L	3718203	3718703	0
chr2L	3726429	3726929	0
chr2L	3730020	3730520	0
chr2L	3737671	3738171	0
chr2L	3739751	3740251	0
chr2L	3755272	3755772	0
chr2L	3762913	3763413	0
chr2L	3771531	3772031	0
chr2L	3772360	3772860	0
chr2L	3939158	3939658	0
chr2L	3991700	3992200	0
chr2L	4403190	4403690	0
chr2L	4416787	4417287	0
chr2L	4418172	4418672	0
chr2L	4440819	4441319	0
chr2L	4441372	4441872	0
chr2L	4442389	4442889	0
chr2L	4444207	4444707	0
chr2L	4760549	4761049	0
chr2L	4789201	4789701	0
chr2L	4791031	4791531	0
chr2L	4792113	4792613	0
chr2L	4793817	4794317	0
chr2L	4795600	4796100	0
chr2L	4797016	4797516	0
chr2L	4849855	4850355	0
chr2L	4850614	4851114	0
chr2L	4851326	4851826	0
chr2L	4852111	4852611	0
chr2L	4852800	4853300	0
chr2L	4855076	4855576	0
chr2L	4856532	4857032	0
chr2L	4857185	4857685	0
chr2L	4861186	4861686	0
chr2L	4861753	4862253	0
chr2L	4867517	4868017	0
chr2L	4874033	4874533	0
chr2L	5059319	5059819	0
chr2L	5062912	5063412	0
chr2L	5063444	5063944	0
chr2L	5064236	5064736	0
chr2L	5065091	5065591	0
chr2L	5067599	5068099	0
chr2L	5068439	5068939	0
chr2L	5070928	5071428	0
chr2L	5072059	5072559	0
chr2L	5073123	5073623	0
chr2L	5073728	5074228	0
chr2L	5309220	5309720	0
chr2L	5312456	5312956	0
chr2L	5313496	5313996	0
chr2L	5314396	5314896	0
chr2L	5317469	5317969	0
chr2L	5536144	5536644	0
chr2L	5537323	5537823	0
chr2L	5538067	5538567	0
chr2L	5538685	5539185	0
chr2L	5539728	5540228	0
chr2L	5540869	5541369	0
chr2L	5609547	5610047	0
chr2L	5612084	5612584	0
chr2L	5617824	5618324	0
chr2L	5624026	5624526	0
chr2L	5626975	5627475	0
chr2L	5627666	5628166	0
chr2L	5631833	5632333	0
chr2L	5642759	5643259	0
chr2L	5658440	5658940	0
chr2L	6024052	6024552	0
chr2L	6030320	6030820	0
chr2L	6031264	6031764	0
chr2L	6034238	6034738	0
chr2L	6037171	6037671	0
chr2L	6050821	6051321	0
chr2L	6052726	6053226	0
chr2L	6054022	6054522	0
chr2L	6056311	6056811	0
chr2L	6056993	6057493	0
chr2L	6057574	6058074	0
chr2L	6060397	6060897	0
chr2L	6062495	6062995	0
chr2L	6565677	6566177	0
chr2L	6566588	6567088	0
chr2L	6600817	6601317	0
chr2L	6601678	6602178	0
chr2L	6875200	6875700	0
chr2L	6885504	6886004	0
chr2L	6886044	6886544	0
chr2L	6893781	6894281	0
chr2L	6899389	6899889	0
chr2L	6907514	6908014	0
chr2L	7221151	7221651	0
chr2L	7222591	7223091	0
chr2L	7243607	7244107	0
chr2L	7244202	7244702	0
chr2L	7245131	7245631	0
chr2L	7249301	7249801	0
chr2L	7252143	7252643	0
chr2L	7466196	7466696	0
chr2L	8300607	8301107	0
chr2L	8301590	8302090	0
chr2L	8302425	8302925	0
chr2L	8303402	8303902	0
chr2L	8304684	8305184	0
chr2L	8305493	8305993	0
chr2L	8306829	8307329	0
chr2L	8307706	8308206	0
chr2L	8308364	8308864	0
chr2L	8317801	8318301	0
chr2L	8318531	8319031	0
chr2L	8320288	8320788	0
chr2L	8323876	8324376	0
chr2L	8324753	8325253	0
chr2L	8325862	8326362	0
chr2L	8327064	8327564	0
chr2L	8327694	8328194	0
chr2L	9071645	9072145	0
chr2L	9161230	9161730	0
chr2L	9164150	9164650	0
chr2L	9166089	9166589	0
chr2L	9166695	9167195	0
chr2L	9167536	9168036	0
chr2L	920834	921334	0
chr2L	921957	922457	0
chr2L	922515	923015	0
chr2L	9253621	9254121	0
chr2L	9254578	9255078	0
chr2L	9256392	9256892	0
chr2L	9271531	9272031	0
chr2L	9272044	9272544	0
chr2L	9275346	9275846	0
chr2L	927822	928322	0
chr2L	9285067	9285567	0
chr2L	929382	929882	0
chr2L	9301143	9301643	0
chr2L	931062	931562	0
chr2L	933840	934340	0
chr2L	934655	935155	0
chr2L	935975	936475	0
chr2L	938975	939475	0
chr2L	939934	940434	0
chr2L	940458	940958	0
chr2L	941972	942472	0
chr2L	943544	944044	0
chr2L	946052	946552	0
chr2L	948666	949166	0
chr2L	949710	950210	0
chr2L	950745	951245	0
chr2L	951691	952191	0
chr2L	952751	953251	0
chr2L	953875	954375	0
chr2L	957178	957678	0
chr2L	958662	959162	0
chr2L	959512	960012	0
chr2L	9708444	9708944	0
chr2L	9709274	9709774	0
chr2L	9710766	9711266	0
chr2L	9711481	9711981	0
chr2L	9721207	9721707	0
chr2L	9722175	9722675	0
chr2L	9731242	9731742	0
chr2L	9737500	9738000	0
chr2L	9739801	9740301	0
chr2L	9743728	9744228	0
chr2L	9744872	9745372	0
chr2L	9746400	9746900	0
chr2L	9790346	9790846	0
chr2L	9790864	9791364	0
chr2L	9792082	9792582	0
chr2L	9792586	9793086	0
chr2L	9853013	9853513	0
chr2L	9863442	9863942	0
chr2L	9864252	9864752	0
chr2L	9879581	9880081	0
chr2L	9882307	9882807	0
chr2L	9886230	9886730	0
chr2L	9888023	9888523	0
chr2R	10003022	10003522	0
chr2R	10013191	10013691	0
chr2R	10021957	10022457	0
chr2R	10026302	10026802	0
chr2R	10026810	10027310	0
chr2R	10028750	10029250	0
chr2R	10082859	10083359	0
chr2R	10084787	10085287	0
chr2R	10085579	10086079	0
chr2R	10086192	10086692	0
chr2R	10097102	10097602	0
chr2R	10099042	10099542	0
chr2R	10247159	10247659	0
chr2R	10248526	10249026	0
chr2R	10249140	10249640	0
chr2R	10250228	10250728	0
chr2R	10250875	10251375	0
chr2R	10252038	10252538	0
chr2R	10252991	10253491	0
chr2R	10258141	10258641	0
chr2R	10266414	10266914	0
chr2R	10267593	10268093	0
chr2R	10268470	10268970	0
chr2R	10269107	10269607	0
chr2R	10271071	10271571	0
chr2R	10273028	10273528	0
chr2R	10275450	10275950	0
chr2R	10275963	10276463	0
chr2R	10276827	10277327	0
chr2R	10277516	10278016	0
chr2R	10278070	10278570	0
chr2R	10279260	10279760	0
chr2R	10281454	10281954	0
chr2R	10282537	10283037	0
chr2R	10285084	10285584	0
chr2R	10287294	10287794	0
chr2R	10290316	10290816	0
chr2R	10297177	10297677	0
chr2R	10301268	10301768	0
chr2R	10302946	10303446	0
chr2R	10307548	10308048	0
chr2R	10309430	10309930	0
chr2R	10309970	10310470	0
chr2R	10718373	10718873	0
chr2R	10719817	10720317	0
chr2R	10720587	10721087	0
chr2R	10721691	10722191	0
chr2R	10722316	10722816	0
chr2R	10723146	10723646	0
chr2R	10723705	10724205	0
chr2R	10724345	10724845	0
chr2R	10728704	10729204	0
chr2R	10729576	10730076	0
chr2R	10730710	10731210	0
chr2R	10731363	10731863	0
chr2R	11139953	11140453	0
chr2R	11145151	11145651	0
chr2R	11146302	11146802	0
chr2R	11147578	11148078	0
chr2R	11148088	11148588	0
chr2R	11148690	11149190	0
chr2R	11149754	11150254	0
chr2R	11172565	11173065	0
chr2R	11173726	11174226	0
chr2R	11174477	11174977	0
chr2R	11442474	11442974	0
chr2R	11447753	11448253	0
chr2R	11451320	11451820	0
chr2R	11452326	11452826	0
chr2R	12492879	12493379	0
chr2R	12493879	12494379	0
chr2R	12494520	12495020	0
chr2R	13126554	13127054	0
chr2R	13128604	13129104	0
chr2R	13129599	13130099	0
chr2R	13295230	13295730	0
chr2R	13295974	13296474	0
chr2R	13297473	13297973	0
chr2R	13415118	13415618	0
chr2R	13424323	13424823	0
chr2R	13427402	13427902	0
chr2R	13428633	13429133	0
chr2R	13429844	13430344	0
chr2R	13430830	13431330	0
chr2R	13431382	13431882	0
chr2R	13432112	13432612	0
chr2R	13434215	13434715	0
chr2R	13434914	13435414	0
chr2R	13437917	13438417	0
chr2R	13439281	13439781	0
chr2R	13439864	13440364	0
chr2R	13440492	13440992	0
chr2R	13441176	13441676	0
chr2R	13532839	13533339	0
chr2R	13533700	13534200	0
chr2R	13535377	13535877	0
chr2R	13536635	13537135	0
chr2R	13537230	13537730	0
chr2R	13806100	13806600	0
chr2R	13816603	13817103	0
chr2R	13817137	13817637	0
chr2R	13818262	13818762	0
chr2R	13818783	13819283	0
chr2R	13819433	13819933	0
chr2R	13820023	13820523	0
chr2R	13821063	13821563	0
chr2R	13821751	13822251	0
chr2R	13822352	13822852	0
chr2R	13845759	13846259	0
chr2R	14196497	14196997	0
chr2R	14197335	14197835	0
chr2R	14199230	14199730	0
chr2R	14199811	14200311	0
chr2R	14200798	14201298	0
chr2R	14201674	14202174	0
chr2R	14681897	14682397	0
chr2R	14690379	14690879	0
chr2R	14698534	14699034	0
chr2R	14699211	14699711	0
chr2R	14701591	14702091	0
chr2R	14703722	14704222	0
chr2R	14705314	14705814	0
chr2R	14708366	14708866	0
chr2R	14709001	14709501	0
chr2R	14713376	14713876	0
chr2R	14714067	14714567	0
chr2R	14715162	14715662	0
chr2R	14715822	14716322	0
chr2R	14744917	14745417	0
chr2R	14745771	14746271	0
chr2R	15154770	15155270	0
chr2R	15164432	15164932	0
chr2R	16029670	16030170	0
chr2R	16031372	16031872	0
chr2R	16034535	16035035	0
chr2R	16036671	16037171	0
chr2R	16038041	16038541	0
chr2R	16044120	16044620	0
chr2R	16045409	16045909	0
chr2R	16047389	16047889	0
chr2R	16048929	16049429	0
chr2R	16552126	16552626	0
chr2R	16561790	16562290	0
chr2R	16565250	16565750	0
chr2R	16566490	16566990	0
chr2R	16567728	16568228	0
chr2R	16756107	16756607	0
chr2R	16757892	16758392	0
chr2R	16758474	16758974	0
chr2R	16759215	16759715	0
chr2R	16764588	16765088	0
chr2R	16765140	16765640	0
chr2R	16769668	16770168	0
chr2R	16772035	16772535	0
chr2R	16773125	16773625	0
chr2R	16774000	16774500	0
chr2R	16871529	16872029	0
chr2R	16872072	16872572	0
chr2R	16886977	16887477	0
chr2R	16895353	16895853	0
chr2R	16896711	16897211	0
chr2R	16924504	16925004	0
chr2R	16934854	16935354	0
chr2R	16946972	16947472	0
chr2R	16947648	16948148	0
chr2R	16973354	16973854	0
chr2R	16998630	16999130	0
chr2R	17215798	17216298	0
chr2R	17223902	17224402	0
chr2R	17230321	17230821	0
chr2R	17261927	17262427	0
chr2R	17265123	17265623	0
chr2R	17268082	17268582	0
chr2R	17268977	17269477	0
chr2R	17271554	17272054	0
chr2R	17272888	17273388	0
chr2R	17276512	17277012	0
chr2R	17277474	17277974	0
chr2R	17278209	17278709	0
chr2R	17280057	17280557	0
chr2R	17281283	17281783	0
chr2R	17282803	17283303	0
chr2R	17284572	17285072	0
chr2R	17286661	17287161	0
chr2R	17289529	17290029	0
chr2R	17290574	17291074	0
chr2R	17291317	17291817	0
chr2R	17293081	17293581	0
chr2R	17294200	17294700	0
chr2R	17296081	17296581	0
chr2R	17296656	17297156	0
chr2R	17297844	17298344	0
chr2R	17298926	17299426	0
chr2R	17299770	17300270	0
chr2R	17301667	17302167	0
chr2R	17303029	17303529	0
chr2R	17303595	17304095	0
chr2R	17304998	17305498	0
chr2R	17307613	17308113	0
chr2R	17308387	17308887	0
chr2R	17310698	17311198	0
chr2R	17311903	17312403	0
chr2R	17313166	17313666	0
chr2R	17316382	17316882	0
chr2R	17318731	17319231	0
chr2R	17319408	17319908	0
chr2R	17322397	17322897	0
chr2R	17323755	17324255	0
chr2R	17324275	17324775	0
chr2R	17325944	17326444	0
chr2R	17326498	17326998	0
chr2R	17328914	17329414	0
chr2R	17329839	17330339	0
chr2R	17331254	17331754	0
chr2R	17332117	17332617	0
chr2R	17333154	17333654	0
chr2R	17334243	17334743	0
chr2R	17335226	17335726	0
chr2R	17335909	17336409	0
chr2R	17336813	17337313	0
chr2R	17337391	17337891	0
chr2R	17338753	17339253	0
chr2R	17342049	17342549	0
chr2R	17343411	17343911	0
chr2R	17344243	17344743	0
chr2R	17346707	17347207	0
chr2R	17347766	17348266	0
chr2R	17348366	17348866	0
chr2R	17351610	17352110	0
chr2R	17353879	17354379	0
chr2R	17355911	17356411	0
chr2R	17357100	17357600	0
chr2R	17359694	17360194	0
chr2R	17363039	17363539	0
chr2R	17368731	17369231	0
chr2R	17369805	17370305	0
chr2R	17371571	17372071	0
chr2R	17374331	17374831	0
chr2R	17377570	17378070	0
chr2R	17379921	17380421	0
chr2R	17380653	17381153	0
chr2R	17560364	17560864	0
chr2R	17561314	17561814	0
chr2R	17564287	17564787	0
chr2R	17564830	17565330	0
chr2R	17566427	17566927	0
chr2R	17791809	17792309	0
chr2R	17792764	17793264	0
chr2R	17793276	17793776	0
chr2R	17796083	17796583	0
chr2R	17800889	17801389	0
chr2R	17801591	17802091	0
chr2R	17803544	17804044	0
chr2R	17998316	17998816	0
chr2R	18005112	18005612	0
chr2R	18008090	18008590	0
chr2R	18455865	18456365	0
chr2R	18482056	18482556	0
chr2R	18497939	18498439	0
chr2R	18536603	18537103	0
chr2R	18539950	18540450	0
chr2R	18542803	18543303	0
chr2R	18549562	18550062	0
chr2R	18550331	18550831	0
chr2R	18551428	18551928	0
chr2R	18715272	18715772	0
chr2R	18715919	18716419	0
chr2R	18717549	18718049	0
chr2R	18722908	18723408	0
chr2R	18723745	18724245	0
chr2R	18724571	18725071	0
chr2R	18725774	18726274	0
chr2R	18726342	18726842	0
chr2R	18754847	18755347	0
chr2R	19032413	19032913	0
chr2R	19103654	19104154	0
chr2R	19114701	19115201	0
chr2R	19122114	19122614	0
chr2R	19123194	19123694	0
chr2R	19308462	19308962	0
chr2R	19310274	19310774	0
chr2R	19313060	19313560	0
chr2R	19313658	19314158	0
chr2R	19346182	19346682	0
chr2R	19356644	19357144	0
chr2R	19357339	19357839	0
chr2R	20423846	20424346	0
chr2R	20432522	20433022	0
chr2R	20433380	20433880	0
chr2R	20447365	20447865	0
chr2R	20450331	20450831	0
chr2R	20464406	20464906	0
chr2R	20659013	20659513	0
chr2R	20660071	20660571	0
chr2R	20661483	20661983	0
chr2R	20662041	20662541	0
chr2R	20662952	20663452	0
chr2R	20665183	20665683	0
chr2R	20695388	20695888	0
chr2R	20697334	20697834	0
chr2R	20698154	20698654	0
chr2R	20985975	20986475	0
chr2R	21983792	21984292	0
chr2R	21991208	21991708	0
chr2R	22007966	22008466	0
chr2R	22012664	22013164	0
chr2R	22084324	22084824	0
chr2R	22085874	22086374	0
chr2R	22088329	22088829	0
chr2R	22330729	22331229	0
chr2R	22331985	22332485	0
chr2R	22332957	22333457	0
chr2R	22333557	22334057	0
chr2R	22334446	22334946	0
chr2R	22335541	22336041	0
chr2R	22336370	22336870	0
chr2R	22337878	22338378	0
chr2R	22338723	22339223	0
chr2R	22340861	22341361	0
chr2R	22342379	22342879	0
chr2R	22343650	22344150	0
chr2R	22344781	22345281	0
chr2R	22345998	22346498	0
chr2R	22346797	22347297	0
chr2R	22348290	22348790	0
chr2R	22354397	22354897	0
chr2R	22356901	22357401	0
chr2R	22359073	22359573	0
chr2R	22359714	22360214	0
chr2R	22360772	22361272	0
chr2R	22361291	22361791	0
chr2R	22365251	22365751	0
chr2R	22366159	22366659	0
chr2R	22367214	22367714	0
chr2R	22368177	22368677	0
chr2R	22368717	22369217	0
chr2R	22370139	22370639	0
chr2R	22371451	22371951	0
chr2R	22372086	22372586	0
chr2R	22373071	22373571	0
chr2R	22373585	22374085	0
chr2R	22374144	22374644	0
chr2R	22374921	22375421	0
chr2R	22380543	22381043	0
chr2R	22381197	22381697	0
chr2R	22382130	22382630	0
chr2R	22383035	22383535	0
chr2R	22384320	22384820	0
chr2R	22386379	22386879	0
chr2R	22386994	22387494	0
chr2R	22388614	22389114	0
chr2R	22390006	22390506	0
chr2R	22390517	22391017	0
chr2R	22391275	22391775	0
chr2R	22392343	22392843	0
chr2R	22393383	22393883	0
chr2R	22394305	22394805	0
chr2R	22395420	22395920	0
chr2R	22454686	22455186	0
chr2R	22456289	22456789	0
chr2R	22457938	22458438	0
chr2R	22460754	22461254	0
chr2R	22461939	22462439	0
chr2R	22464578	22465078	0
chr2R	22613969	22614469	0
chr2R	22636476	22636976	0
chr2R	22739902	22740402	0
chr2R	22751956	22752456	0
chr2R	22776259	22776759	0
chr2R	22787392	22787892	0
chr2R	22788009	22788509	0
chr2R	22797309	22797809	0
chr2R	22797821	22798321	0
chr2R	22798627	22799127	0
chr2R	22801050	22801550	0
chr2R	22869046	22869546	0
chr2R	22869815	22870315	0
chr2R	22870345	22870845	0
chr2R	22871116	22871616	0
chr2R	22872867	22873367	0
chr2R	22873425	22873925	0
chr2R	22874722	22875222	0
chr2R	22876724	22877224	0
chr2R	22878266	22878766	0
chr2R	22879493	22879993	0
chr2R	22880673	22881173	0
chr2R	22882279	22882779	0
chr2R	23448567	23449067	0
chr2R	23655245	23655745	0
chr2R	23657105	23657605	0
chr2R	23657645	23658145	0
chr2R	23658430	23658930	0
chr2R	23659238	23659738	0
chr2R	23661519	23662019	0
chr2R	23662677	23663177	0
chr2R	23663579	23664079	0
chr2R	23664207	23664707	0
chr2R	23665874	23666374	0
chr2R	23667009	23667509	0
chr2R	23667928	23668428	0
chr2R	23668703	23669203	0
chr2R	23671830	23672330	0
chr2R	23677539	23678039	0
chr2R	23678544	23679044	0
chr2R	23681508	23682008	0
chr2R	23683273	23683773	0
chr2R	23904518	23905018	0
chr2R	23906880	23907380	0
chr2R	23908273	23908773	0
chr2R	23908869	23909369	0
chr2R	23909980	23910480	0
chr2R	23912157	23912657	0
chr2R	23924528	23925028	0
chr2R	23925062	23925562	0
chr2R	23926942	23927442	0
chr2R	23927484	23927984	0
chr2R	23955390	23955890	0
chr2R	23957404	23957904	0
chr2R	23959733	23960233	0
chr2R	23961050	23961550	0
chr2R	23961582	23962082	0
chr2R	23963836	23964336	0
chr2R	23985701	23986201	0
chr2R	23986922	23987422	0
chr2R	23987985	23988485	0
chr2R	23990770	23991270	0
chr2R	23991537	23992037	0
chr2R	23992529	23993029	0
chr2R	23994575	23995075	0
chr2R	24027462	24027962	0
chr2R	24028852	24029352	0
chr2R	24031702	24032202	0
chr2R	24033705	24034205	0
chr2R	24114309	24114809	0
chr2R	24115957	24116457	0
chr2R	24116672	24117172	0
chr2R	24123440	24123940	0
chr2R	24124607	24125107	0
chr2R	24125744	24126244	0
chr2R	24159260	24159760	0
chr2R	24162628	24163128	0
chr2R	24167411	24167911	0
chr2R	24174823	24175323	0
chr2R	24242905	24243405	0
chr2R	24255143	24255643	0
chr2R	24257903	24258403	0
chr2R	24377454	24377954	0
chr2R	24389146	24389646	0
chr2R	24389820	24390320	0
chr2R	24393189	24393689	0
chr2R	24402252	24402752	0
chr2R	24404989	24405489	0
chr2R	24406420	24406920	0
chr2R	24407494	24407994	0
chr2R	24411343	24411843	0
chr2R	24574206	24574706	0
chr2R	24580973	24581473	0
chr2R	24607204	24607704	0
chr2R	24611379	24611879	0
chr2R	24624987	24625487	0
chr2R	24626984	24627484	0
chr2R	24631015	24631515	0
chr2R	24638125	24638625	0
chr2R	24690357	24690857	0
chr2R	24694068	24694568	0
chr2R	24696890	24697390	0
chr2R	24699896	24700396	0
chr2R	24704309	24704809	0
chr2R	24705429	24705929	0
chr2R	24706382	24706882	0
chr2R	24707381	24707881	0
chr2R	24709278	24709778	0
chr2R	24710737	24711237	0
chr2R	24711560	24712060	0
chr2R	24712857	24713357	0
chr2R	24716598	24717098	0
chr2R	24717274	24717774	0
chr2R	24718001	24718501	0
chr2R	24718595	24719095	0
chr2R	24719415	24719915	0
chr2R	24720881	24721381	0
chr2R	24724478	24724978	0
chr2R	24725101	24725601	0
chr2R	24727281	24727781	0
chr2R	24736304	24736804	0
chr2R	24737444	24737944	0
chr2R	24738230	24738730	0
chr2R	24738829	24739329	0
chr2R	24875211	24875711	0
chr2R	24875878	24876378	0
chr2R	24876557	24877057	0
chr2R	24881659	24882159	0
chr2R	24946490	24946990	0
chr2R	24948020	24948520	0
chr2R	24948608	24949108	0
chr2R	24950302	24950802	0
chr2R	24952756	24953256	0
chr2R	24956965	24957465	0
chr2R	24958232	24958732	0
chr2R	25030974	25031474	0
chr2R	25032075	25032575	0
chr2R	25033530	25034030	0
chr2R	25034522	25035022	0
chr2R	25035685	25036185	0
chr2R	25037027	25037527	0
chr2R	25037698	25038198	0
chr2R	25038624	25039124	0
chr2R	25041472	25041972	0
chr2R	25042077	25042577	0
chr2R	25042706	25043206	0
chr2R	25043269	25043769	0
chr2R	3066592	3067092	0
chr2R	5666273	5666773	0
chr2R	5667094	5667594	0
chr2R	5668399	5668899	0
chr2R	5668967	5669467	0
chr2R	5671704	5672204	0
chr2R	5804387	5804887	0
chr2R	5805926	5806426	0
chr2R	5808087	5808587	0
chr2R	5812185	5812685	0
chr2R	5813030	5813530	0
chr2R	5813918	5814418	0
chr2R	5814440	5814940	0
chr2R	5815456	5815956	0
chr2R	5818327	5818827	0
chr2R	5819959	5820459	0
chr2R	5821305	5821805	0
chr2R	5822663	5823163	0
chr2R	5824044	5824544	0
chr2R	5824968	5825468	0
chr2R	5826068	5826568	0
chr2R	5828409	5828909	0
chr2R	5837042	5837542	0
chr2R	5838133	5838633	0
chr2R	5839523	5840023	0
chr2R	5841415	5841915	0
chr2R	5844460	5844960	0
chr2R	5845034	5845534	0
chr2R	5849775	5850275	0
chr2R	5851426	5851926	0
chr2R	5853640	5854140	0
chr2R	5859287	5859787	0
chr2R	6035985	6036485	0
chr2R	6037032	6037532	0
chr2R	6039208	6039708	0
chr2R	6039991	6040491	0
chr2R	6040943	6041443	0
chr2R	6042120	6042620	0
chr2R	6050710	6051210	0
chr2R	6056288	6056788	0
chr2R	6057525	6058025	0
chr2R	6062832	6063332	0
chr2R	6064663	6065163	0
chr2R	6065728	6066228	0
chr2R	6069304	6069804	0
chr2R	6827913	6828413	0
chr2R	6891472	6891972	0
chr2R	6896227	6896727	0
chr2R	6896736	6897236	0
chr2R	6923361	6923861	0
chr2R	6925071	6925571	0
chr2R	7537238	7537738	0
chr2R	7539189	7539689	0
chr2R	7544480	7544980	0
chr2R	7565267	7565767	0
chr2R	7566336	7566836	0
chr2R	7832809	7833309	0
chr2R	7852126	7852626	0
chr2R	7880376	7880876	0
chr2R	7880944	7881444	0
chr2R	7885974	7886474	0
chr2R	7887959	7888459	0
chr2R	7996997	7997497	0
chr2R	7998020	7998520	0
chr2R	8000266	8000766	0
chr2R	8001760	8002260	0
chr2R	8002399	8002899	0
chr2R	8004046	8004546	0
chr2R	8007979	8008479	0
chr2R	8009582	8010082	0
chr2R	8010137	8010637	0
chr2R	8013674	8014174	0
chr2R	8014787	8015287	0
chr2R	8497521	8498021	0
chr2R	8509772	8510272	0
chr2R	8511115	8511615	0
chr2R	8511895	8512395	0
chr2R	8516510	8517010	0
chr2R	8916306	8916806	0
chr2R	8917284	8917784	0
chr2R	8918266	8918766	0
chr2R	8919183	8919683	0
chr2R	8919812	8920312	0
chr2R	8922709	8923209	0
chr2R	9045239	9045739	0
chr2R	9045832	9046332	0
chr2R	9059897	9060397	0
chr2R	9061418	9061918	0
chr2R	9226918	9227418	0
chr2R	9230393	9230893	0
chr2R	9231185	9231685	0
chr2R	9232789	9233289	0
chr2R	9233327	9233827	0
chr2R	9240987	9241487	0
chr2R	9245443	9245943	0
chr2R	9246972	9247472	0
chr2R	9502749	9503249	0
chr2R	9503797	9504297	0
chr2R	9504918	9505418	0
chr2R	9506002	9506502	0
chr2R	9507286	9507786	0
chr2R	9508928	9509428	0
chr2R	9511986	9512486	0
chr2R	9512729	9513229	0
chr2R	9515237	9515737	0
chr2R	9517729	9518229	0
chr2R	9518691	9519191	0
chr2R	9521652	9522152	0
chr2R	9522918	9523418	0
chr2R	9525274	9525774	0
chr2R	9526929	9527429	0
chr2R	9528108	9528608	0
chr2R	9530033	9530533	0
chr2R	9532696	9533196	0
chr2R	9533275	9533775	0
chr2R	9533990	9534490	0
chr2R	9534871	9535371	0
chr2R	9537550	9538050	0
chr2R	9538146	9538646	0
chr2R	9538647	9539147	0
chr2R	9539283	9539783	0
chr2R	9542251	9542751	0
chr2R	9543175	9543675	0
chr2R	9543760	9544260	0
chr2R	9556101	9556601	0
chr2R	9556692	9557192	0
chr2R	9557972	9558472	0
chr2R	9559908	9560408	0
chr2R	9560811	9561311	0
chr2R	9561333	9561833	0
chr2R	9562157	9562657	0
chr2R	9563361	9563861	0
chr2R	9563876	9564376	0
chr2R	9990921	9991421	0
chr2R	9991850	9992350	0
chr2R	9995912	9996412	0
chr3L	10185945	10186445	0
chr3L	10186989	10187489	0
chr3L	11135872	11136372	0
chr3L	11150742	11151242	0
chr3L	11164950	11165450	0
chr3L	11648281	11648781	0
chr3L	11655025	11655525	0
chr3L	11670742	11671242	0
chr3L	11671380	11671880	0
chr3L	11676543	11677043	0
chr3L	11677712	11678212	0
chr3L	11678299	11678799	0
chr3L	11679958	11680458	0
chr3L	11680843	11681343	0
chr3L	11681966	11682466	0
chr3L	11683118	11683618	0
chr3L	11862812	11863312	0
chr3L	11865954	11866454	0
chr3L	1188327	1188827	0
chr3L	1188948	1189448	0
chr3L	11895690	11896190	0
chr3L	11896505	11897005	0
chr3L	1190955	1191455	0
chr3L	11918322	11918822	0
chr3L	1191888	1192388	0
chr3L	11927000	11927500	0
chr3L	1192938	1193438	0
chr3L	1192938	1193438	0
chr3L	1193633	1194133	0
chr3L	1193633	1194133	0
chr3L	11937314	11937814	0
chr3L	11938562	11939062	0
chr3L	1196150	1196650	0
chr3L	1196150	1196650	0
chr3L	1197706	1198206	0
chr3L	1198834	1199334	0
chr3L	1199557	1200057	0
chr3L	1200932	1201432	0
chr3L	1275332	1275832	0
chr3L	1277319	1277819	0
chr3L	1280151	1280651	0
chr3L	1280810	1281310	0
chr3L	1281604	1282104	0
chr3L	1282450	1282950	0
chr3L	1295854	1296354	0
chr3L	1296926	1297426	0
chr3L	1297902	1298402	0
chr3L	13414154	13414654	0
chr3L	13474455	13474955	0
chr3L	13477347	13477847	0
chr3L	13479120	13479620	0
chr3L	13480028	13480528	0
chr3L	13481093	13481593	0
chr3L	13482500	13483000	0
chr3L	13483466	13483966	0
chr3L	13484690	13485190	0
chr3L	13866435	13866935	0
chr3L	13872051	13872551	0
chr3L	13874395	13874895	0
chr3L	13876409	13876909	0
chr3L	13877009	13877509	0
chr3L	13882636	13883136	0
chr3L	13883504	13884004	0
chr3L	13902373	13902873	0
chr3L	13904381	13904881	0
chr3L	13905787	13906287	0
chr3L	14942721	14943221	0
chr3L	14943344	14943844	0
chr3L	14944211	14944711	0
chr3L	14944784	14945284	0
chr3L	15013591	15014091	0
chr3L	15014625	15015125	0
chr3L	15021157	15021657	0
chr3L	15027400	15027900	0
chr3L	15031701	15032201	0
chr3L	15034707	15035207	0
chr3L	15035604	15036104	0
chr3L	15036709	15037209	0
chr3L	15037764	15038264	0
chr3L	15038782	15039282	0
chr3L	15042216	15042716	0
chr3L	15043744	15044244	0
chr3L	15045639	15046139	0
chr3L	15047554	15048054	0
chr3L	15067378	15067878	0
chr3L	15906356	15906856	0
chr3L	15908770	15909270	0
chr3L	15909358	15909858	0
chr3L	15911070	15911570	0
chr3L	15913165	15913665	0
chr3L	15921089	15921589	0
chr3L	15923057	15923557	0
chr3L	15924402	15924902	0
chr3L	1621849	1622349	0
chr3L	1622653	1623153	0
chr3L	1623553	1624053	0
chr3L	1624141	1624641	0
chr3L	1625340	1625840	0
chr3L	1626039	1626539	0
chr3L	1627399	1627899	0
chr3L	1628111	1628611	0
chr3L	1628867	1629367	0
chr3L	1630234	1630734	0
chr3L	1634076	1634576	0
chr3L	1635423	1635923	0
chr3L	1637175	1637675	0
chr3L	1638486	1638986	0
chr3L	1639025	1639525	0
chr3L	1639702	1640202	0
chr3L	16489116	16489616	0
chr3L	16490057	16490557	0
chr3L	16491175	16491675	0
chr3L	16493470	16493970	0
chr3L	16494809	16495309	0
chr3L	16495781	16496281	0
chr3L	16543260	16543760	0
chr3L	17055533	17056033	0
chr3L	17057170	17057670	0
chr3L	17059696	17060196	0
chr3L	17069070	17069570	0
chr3L	17072692	17073192	0
chr3L	17073872	17074372	0
chr3L	17075432	17075932	0
chr3L	17077249	17077749	0
chr3L	17077886	17078386	0
chr3L	17079090	17079590	0
chr3L	17079890	17080390	0
chr3L	17080961	17081461	0
chr3L	17082404	17082904	0
chr3L	17083505	17084005	0
chr3L	17097242	17097742	0
chr3L	17098973	17099473	0
chr3L	17099937	17100437	0
chr3L	17101709	17102209	0
chr3L	17103817	17104317	0
chr3L	17104433	17104933	0
chr3L	17104943	17105443	0
chr3L	17105865	17106365	0
chr3L	17108450	17108950	0
chr3L	17110332	17110832	0
chr3L	17112544	17113044	0
chr3L	17113830	17114330	0
chr3L	17116647	17117147	0
chr3L	17117859	17118359	0
chr3L	17121468	17121968	0
chr3L	17123143	17123643	0
chr3L	17124456	17124956	0
chr3L	17125164	17125664	0
chr3L	17125744	17126244	0
chr3L	17126553	17127053	0
chr3L	17129821	17130321	0
chr3L	17130715	17131215	0
chr3L	17131534	17132034	0
chr3L	17132810	17133310	0
chr3L	17134389	17134889	0
chr3L	17137017	17137517	0
chr3L	17138855	17139355	0
chr3L	17142276	17142776	0
chr3L	17144447	17144947	0
chr3L	17145310	17145810	0
chr3L	17146060	17146560	0
chr3L	17148205	17148705	0
chr3L	17148865	17149365	0
chr3L	17149705	17150205	0
chr3L	17152300	17152800	0
chr3L	17153850	17154350	0
chr3L	17155137	17155637	0
chr3L	17158332	17158832	0
chr3L	17159958	17160458	0
chr3L	17162837	17163337	0
chr3L	17163442	17163942	0
chr3L	17165773	17166273	0
chr3L	17167549	17168049	0
chr3L	17169715	17170215	0
chr3L	17174265	17174765	0
chr3L	17175759	17176259	0
chr3L	17180196	17180696	0
chr3L	17188158	17188658	0
chr3L	17188891	17189391	0
chr3L	17190039	17190539	0
chr3L	17190725	17191225	0
chr3L	17198203	17198703	0
chr3L	17208688	17209188	0
chr3L	17209370	17209870	0
chr3L	17211785	17212285	0
chr3L	17224464	17224964	0
chr3L	17238055	17238555	0
chr3L	17238957	17239457	0
chr3L	17239603	17240103	0
chr3L	17240193	17240693	0
chr3L	17689526	17690026	0
chr3L	17739804	17740304	0
chr3L	17740324	17740824	0
chr3L	17751466	17751966	0
chr3L	1873097	1873597	0
