MEME version 4

ALPHABET= ACGT

Background letter frequencies:
A 0.2500 C 0.2500 G 0.2500 T 0.2500

MOTIF filter0
letter-probability matrix: alength= 4 w= 15 nsites= 611 E= 0
0.0878 0.1528 0.5984 0.1610
0.0976 0.1837 0.6065 0.1122
0.0894 0.0504 0.1821 0.6780
0.0927 0.6407 0.0992 0.1675
0.1512 0.7203 0.0195 0.1089
0.0016 0.0016 0.9951 0.0016
0.0813 0.7106 0.0016 0.2065
0.0016 0.7642 0.1886 0.0455
0.0016 0.8423 0.1447 0.0114
0.0016 0.0504 0.7203 0.2276
0.8358 0.1382 0.0016 0.0244
0.1528 0.0504 0.7252 0.0715
0.0016 0.7317 0.0016 0.2650
0.0016 0.0602 0.8211 0.1171
0.0114 0.0016 0.9659 0.0211

MOTIF filter1
letter-probability matrix: alength= 4 w= 15 nsites= 210 E= 0
0.0561 0.3131 0.1495 0.4813
0.5561 0.0561 0.1168 0.2710
0.0234 0.2290 0.5187 0.2290
0.0047 0.6682 0.2523 0.0748
0.0093 0.2056 0.0327 0.7523
0.0093 0.9813 0.0047 0.0047
0.4486 0.1822 0.0047 0.3645
0.0047 0.0047 0.9299 0.0607
0.0280 0.6822 0.2850 0.0047
0.0047 0.1402 0.1729 0.6822
0.0093 0.8598 0.0187 0.1121
0.0093 0.0047 0.0794 0.9065
0.6636 0.1121 0.1168 0.1075
0.1542 0.0234 0.0374 0.7850
0.1262 0.1776 0.0561 0.6402

MOTIF filter2
letter-probability matrix: alength= 4 w= 15 nsites= 606 E= 0
0.1475 0.1393 0.1459 0.5672
0.1279 0.5492 0.1803 0.1426
0.0197 0.5279 0.4377 0.0148
0.4852 0.0066 0.0115 0.4967
0.0279 0.9311 0.0246 0.0164
0.4852 0.0131 0.5000 0.0016
0.0016 0.0049 0.5361 0.4574
0.4689 0.5279 0.0016 0.0016
0.0164 0.0082 0.4836 0.4918
0.0016 0.9902 0.0016 0.0066
0.0016 0.0803 0.0148 0.9033
0.9820 0.0148 0.0016 0.0016
0.0016 0.0016 0.4934 0.5033
0.0033 0.4689 0.0016 0.5262
0.1115 0.1279 0.1016 0.6590

MOTIF filter3
letter-probability matrix: alength= 4 w= 15 nsites= 717 E= 0
0.0194 0.0194 0.0236 0.9376
0.3842 0.0305 0.5756 0.0097
0.0014 0.0139 0.9834 0.0014
0.0111 0.0014 0.0014 0.9861
0.0014 0.9958 0.0014 0.0014
0.8336 0.1581 0.0069 0.0014
0.0014 0.0014 0.5631 0.4341
0.0069 0.1456 0.4508 0.3967
0.0014 0.5451 0.4438 0.0097
0.0014 0.1775 0.8197 0.0014
0.3800 0.0153 0.1331 0.4716
0.1609 0.0014 0.0125 0.8252
0.0014 0.3856 0.1581 0.4549
0.4119 0.1567 0.0014 0.4300
0.2178 0.2122 0.3121 0.2580

MOTIF filter4
letter-probability matrix: alength= 4 w= 15 nsites= 171 E= 0
0.2114 0.0629 0.1257 0.6000
0.0057 0.0686 0.3714 0.5543
0.0800 0.0571 0.2857 0.5771
0.1943 0.2286 0.2286 0.3486
0.4114 0.3314 0.0114 0.2457
0.2229 0.3371 0.4343 0.0057
0.6571 0.2800 0.0171 0.0457
0.0057 0.0057 0.1886 0.8000
0.0057 0.0571 0.9086 0.0286
0.0057 0.7657 0.2114 0.0171
0.1200 0.5371 0.0057 0.3371
0.0457 0.3200 0.0857 0.5486
0.2400 0.4171 0.0914 0.2514
0.0400 0.0057 0.9486 0.0057
0.1086 0.1771 0.4571 0.2571

MOTIF filter5
letter-probability matrix: alength= 4 w= 15 nsites= 274 E= 0
0.2122 0.2446 0.2842 0.2590
0.0252 0.0252 0.9101 0.0396
0.0036 0.0072 0.0036 0.9856
0.9281 0.0036 0.0432 0.0252
0.0108 0.0036 0.9820 0.0036
0.0036 0.0647 0.1655 0.7662
0.0036 0.7698 0.0036 0.2230
0.0647 0.9281 0.0036 0.0036
0.0360 0.1367 0.7986 0.0288
0.0036 0.0216 0.2194 0.7554
0.0108 0.8921 0.0288 0.0683
0.0072 0.9676 0.0072 0.0180
0.0036 0.9029 0.0683 0.0252
0.0216 0.0108 0.9496 0.0180
0.1223 0.0108 0.0072 0.8597

MOTIF filter6
letter-probability matrix: alength= 4 w= 15 nsites= 313 E= 0
0.0599 0.0347 0.8486 0.0568
0.1073 0.8801 0.0063 0.0063
0.0032 0.0315 0.0032 0.9621
0.0032 0.9558 0.0379 0.0032
0.0032 0.0032 0.0631 0.9306
0.9401 0.0442 0.0126 0.0032
0.0032 0.2082 0.0032 0.7855
0.0032 0.0442 0.0379 0.9148
0.0032 0.0063 0.0915 0.8991
0.0915 0.0032 0.0032 0.9022
0.9148 0.0063 0.0694 0.0095
0.2871 0.2681 0.1798 0.2650
0.2271 0.1514 0.2776 0.3438
0.2492 0.2114 0.2871 0.2524
0.1672 0.2397 0.3312 0.2618

MOTIF filter7
letter-probability matrix: alength= 4 w= 15 nsites= 258 E= 0
0.6450 0.0305 0.1412 0.1832
0.0916 0.1718 0.5992 0.1374
0.0496 0.0038 0.0115 0.9351
0.1107 0.7061 0.1794 0.0038
0.0076 0.9122 0.0038 0.0763
0.1183 0.2290 0.6489 0.0038
0.0611 0.1985 0.0038 0.7366
0.2023 0.6107 0.1832 0.0038
0.0038 0.8015 0.1031 0.0916
0.0153 0.9771 0.0038 0.0038
0.0038 0.0191 0.7481 0.2290
0.1565 0.0076 0.0038 0.8321
0.6489 0.0840 0.2443 0.0229
0.0725 0.2634 0.0725 0.5916
0.5382 0.2099 0.0954 0.1565

