MEME version 4

ALPHABET= ACGT

Background letter frequencies:
A 0.2500 C 0.2500 G 0.2500 T 0.2500

MOTIF filter0
letter-probability matrix: alength= 4 w= 15 nsites= 148 E= 0
0.4868 0.4539 0.0526 0.0066
0.0724 0.6776 0.0724 0.1776
0.4408 0.2368 0.1053 0.2171
0.1579 0.1053 0.1776 0.5592
0.2895 0.6316 0.0263 0.0526
0.0066 0.0066 0.0197 0.9671
0.0592 0.2171 0.0066 0.7171
0.5461 0.2632 0.1316 0.0592
0.1316 0.2237 0.6316 0.0132
0.0724 0.0197 0.0395 0.8684
0.0592 0.6776 0.1908 0.0724
0.2368 0.4474 0.2105 0.1053
0.0789 0.2632 0.6447 0.0132
0.0066 0.0066 0.0066 0.9803
0.1053 0.6316 0.2566 0.0066

MOTIF filter1
letter-probability matrix: alength= 4 w= 15 nsites= 35 E= 0
0.4872 0.3590 0.1026 0.0513
0.0256 0.5641 0.2821 0.1282
0.3077 0.4103 0.2051 0.0769
0.2051 0.7436 0.0256 0.0256
0.0769 0.1026 0.7436 0.0769
0.8205 0.0513 0.0769 0.0513
0.0256 0.8974 0.0256 0.0513
0.3077 0.1026 0.0769 0.5128
0.0513 0.8205 0.1026 0.0256
0.3590 0.2051 0.4103 0.0256
0.1538 0.1538 0.5385 0.1538
0.1538 0.0513 0.0513 0.7436
0.0256 0.0256 0.1538 0.7949
0.0513 0.1538 0.4872 0.3077
0.0513 0.0769 0.8462 0.0256

MOTIF filter2
letter-probability matrix: alength= 4 w= 15 nsites= 818 E= 0
0.2664 0.2397 0.2324 0.2616
0.1582 0.5292 0.1387 0.1740
0.0024 0.0012 0.5523 0.4440
0.0012 0.4513 0.0012 0.5462
0.4550 0.0061 0.5377 0.0012
0.0024 0.0012 0.9951 0.0012
0.0012 0.4282 0.0024 0.5681
0.0024 0.5815 0.0024 0.4136
0.5633 0.4258 0.0085 0.0024
0.0097 0.0036 0.0073 0.9793
0.4392 0.0012 0.5474 0.0122
0.0012 0.0280 0.5511 0.4197
0.0146 0.0049 0.5535 0.4270
0.0036 0.0049 0.0073 0.9842
0.0085 0.0122 0.0195 0.9599

MOTIF filter3
letter-probability matrix: alength= 4 w= 15 nsites= 79 E= 0
0.2651 0.0241 0.1687 0.5422
0.0120 0.0241 0.1687 0.7952
0.3976 0.0602 0.5301 0.0120
0.1807 0.7952 0.0120 0.0120
0.1084 0.8675 0.0120 0.0120
0.3855 0.0602 0.0120 0.5422
0.0482 0.8916 0.0120 0.0482
0.2530 0.1325 0.0241 0.5904
0.1084 0.0361 0.0120 0.8434
0.1084 0.0482 0.3012 0.5422
0.1325 0.5663 0.2651 0.0361
0.0120 0.4458 0.1566 0.3855
0.2289 0.0120 0.5181 0.2410
0.1928 0.0120 0.0361 0.7590
0.1807 0.3494 0.1807 0.2892

MOTIF filter5
letter-probability matrix: alength= 4 w= 15 nsites= 129 E= 0
0.0075 0.0226 0.0451 0.9248
0.0150 0.9624 0.0150 0.0075
0.2782 0.6992 0.0075 0.0150
0.0075 0.0301 0.6767 0.2857
0.0376 0.2782 0.0075 0.6767
0.0301 0.6992 0.2632 0.0075
0.2481 0.7293 0.0150 0.0075
0.0075 0.9774 0.0075 0.0075
0.0075 0.0075 0.9774 0.0075
0.0075 0.0075 0.0075 0.9774
0.9699 0.0075 0.0075 0.0150
0.1353 0.0602 0.6692 0.1353
0.1278 0.5263 0.0977 0.2481
0.1880 0.3383 0.0902 0.3835
0.4361 0.2857 0.0677 0.2105

MOTIF filter6
letter-probability matrix: alength= 4 w= 15 nsites= 744 E= 0
0.2674 0.2152 0.2540 0.2634
0.0027 0.0321 0.4225 0.5428
0.0027 0.0013 0.0013 0.9947
0.9479 0.0495 0.0013 0.0013
0.0695 0.0013 0.9278 0.0013
0.0013 0.0027 0.0120 0.9840
0.0013 0.9572 0.0401 0.0013
0.5321 0.4011 0.0241 0.0428
0.0013 0.0281 0.9693 0.0013
0.0013 0.0013 0.0013 0.9960
0.0428 0.9452 0.0013 0.0107
0.0013 0.3984 0.5267 0.0735
0.5388 0.3917 0.0013 0.0682
0.0134 0.0174 0.3997 0.5695
0.0187 0.5227 0.0348 0.4238

MOTIF filter7
letter-probability matrix: alength= 4 w= 15 nsites= 458 E= 0
0.0368 0.9069 0.0455 0.0108
0.6407 0.3550 0.0022 0.0022
0.0216 0.0195 0.5823 0.3766
0.0022 0.3831 0.1342 0.4805
0.2922 0.6558 0.0498 0.0022
0.0022 0.0563 0.9394 0.0022
0.6104 0.3831 0.0043 0.0022
0.0043 0.0022 0.0390 0.9545
0.0043 0.9134 0.0065 0.0758
0.7857 0.0022 0.0022 0.2100
0.5433 0.3268 0.1255 0.0043
0.2944 0.1667 0.2338 0.3052
0.1537 0.2078 0.1710 0.4675
0.1732 0.2035 0.1450 0.4784
0.1753 0.1926 0.1623 0.4697

