MEME version 4

ALPHABET= ACGT

Background letter frequencies:
A 0.2500 C 0.2500 G 0.2500 T 0.2500

MOTIF filter0
letter-probability matrix: alength= 4 w= 15 nsites= 355 E= 0
0.1811 0.1086 0.3036 0.4067
0.0975 0.1671 0.5070 0.2284
0.5376 0.1755 0.2479 0.0390
0.4401 0.0056 0.0306 0.5237
0.1031 0.3900 0.4958 0.0111
0.0139 0.0084 0.0028 0.9749
0.0028 0.3872 0.0111 0.5989
0.9610 0.0306 0.0056 0.0028
0.0864 0.0362 0.7967 0.0808
0.0028 0.0028 0.0028 0.9916
0.0669 0.7019 0.0501 0.1811
0.7465 0.0306 0.2173 0.0056
0.0056 0.1448 0.8217 0.0279
0.0334 0.2312 0.1003 0.6351
0.1504 0.6546 0.0223 0.1727

MOTIF filter1
letter-probability matrix: alength= 4 w= 15 nsites= 1567 E= 0
0.2323 0.2820 0.2565 0.2292
0.0045 0.0013 0.0038 0.9905
0.1827 0.0032 0.0025 0.8116
0.8154 0.0070 0.0006 0.1770
0.0006 0.1738 0.8250 0.0006
0.0025 0.0006 0.1744 0.8224
0.1795 0.8173 0.0006 0.0025
0.8148 0.1770 0.0045 0.0038
0.0006 0.0019 0.9968 0.0006
0.0006 0.0006 0.0006 0.9981
0.1840 0.8141 0.0013 0.0006
0.0013 0.0006 0.9975 0.0006
0.8135 0.1852 0.0006 0.0006
0.0006 0.0006 0.0032 0.9955
0.1782 0.8186 0.0006 0.0025

MOTIF filter2
letter-probability matrix: alength= 4 w= 15 nsites= 1039 E= 0
0.0010 0.0010 0.9971 0.0010
0.9971 0.0010 0.0010 0.0010
0.0010 0.0010 0.0010 0.9971
0.0010 0.0010 0.0010 0.9971
0.0010 0.9971 0.0010 0.0010
0.0010 0.0010 0.0010 0.9971
0.9971 0.0010 0.0010 0.0010
0.0010 0.0010 0.9971 0.0010
0.0010 0.9971 0.0010 0.0010
0.0010 0.0010 0.0010 0.9971
0.9971 0.0010 0.0010 0.0010
0.0010 0.0010 0.9971 0.0010
0.0010 0.9971 0.0010 0.0010
0.9971 0.0010 0.0010 0.0010
0.2454 0.2522 0.2426 0.2598

MOTIF filter3
letter-probability matrix: alength= 4 w= 15 nsites= 1461 E= 0
0.2123 0.2478 0.3317 0.2082
0.9154 0.0014 0.0007 0.0826
0.0007 0.1631 0.0567 0.7795
0.0020 0.9836 0.0034 0.0109
0.0014 0.0717 0.9263 0.0007
0.8744 0.0007 0.0096 0.1154
0.0532 0.8969 0.0491 0.0007
0.0007 0.1768 0.7754 0.0471
0.0007 0.1413 0.0055 0.8526
0.8546 0.0007 0.1440 0.0007
0.0423 0.0061 0.8410 0.1106
0.1263 0.8123 0.0191 0.0423
0.0560 0.0416 0.0068 0.8956
0.9741 0.0014 0.0041 0.0205
0.0328 0.0676 0.8553 0.0444

MOTIF filter4
letter-probability matrix: alength= 4 w= 15 nsites= 1004 E= 0
0.0010 0.0010 0.9970 0.0010
0.0010 0.0010 0.0010 0.9970
0.9970 0.0010 0.0010 0.0010
0.0010 0.0010 0.9970 0.0010
0.0010 0.0010 0.0010 0.9970
0.0010 0.9970 0.0010 0.0010
0.0010 0.9970 0.0010 0.0010
0.0010 0.0020 0.9960 0.0010
0.0010 0.0010 0.0010 0.9970
0.0010 0.9970 0.0010 0.0010
0.0010 0.9970 0.0010 0.0010
0.0010 0.9970 0.0010 0.0010
0.0010 0.0010 0.9970 0.0010
0.0010 0.0010 0.0010 0.9970
0.9970 0.0010 0.0010 0.0010

MOTIF filter5
letter-probability matrix: alength= 4 w= 15 nsites= 774 E= 0
0.0051 0.0013 0.0013 0.9923
0.0026 0.9871 0.0064 0.0039
0.9910 0.0039 0.0039 0.0013
0.0103 0.0013 0.9859 0.0026
0.0026 0.0013 0.0013 0.9949
0.0013 0.9923 0.0013 0.0051
0.0013 0.0013 0.9961 0.0013
0.9961 0.0013 0.0013 0.0013
0.0013 0.0026 0.0013 0.9949
0.0013 0.9949 0.0026 0.0013
0.9949 0.0013 0.0013 0.0026
0.3470 0.2172 0.2956 0.1401
0.2892 0.1684 0.2995 0.2429
0.1825 0.3907 0.2609 0.1658
0.0977 0.1992 0.4267 0.2763

MOTIF filter6
letter-probability matrix: alength= 4 w= 15 nsites= 1092 E= 0
0.2527 0.2619 0.2701 0.2153
0.0009 0.9863 0.0064 0.0064
0.0018 0.0128 0.9745 0.0109
0.9589 0.0128 0.0201 0.0082
0.0292 0.0009 0.0027 0.9672
0.0027 0.0100 0.0219 0.9653
0.0009 0.9717 0.0009 0.0265
0.0009 0.0137 0.0036 0.9818
0.9872 0.0009 0.0109 0.0009
0.0046 0.0009 0.9936 0.0009
0.0009 0.9845 0.0009 0.0137
0.0027 0.0201 0.0009 0.9763
0.9973 0.0009 0.0009 0.0009
0.0009 0.0018 0.9954 0.0018
0.0018 0.9836 0.0009 0.0137

MOTIF filter7
letter-probability matrix: alength= 4 w= 15 nsites= 1182 E= 0
0.0008 0.0034 0.0118 0.9840
0.0051 0.9705 0.0067 0.0177
0.0379 0.0135 0.9359 0.0126
0.9646 0.0059 0.0101 0.0194
0.0008 0.9612 0.0320 0.0059
0.0034 0.0008 0.9250 0.0708
0.0008 0.0008 0.0008 0.9975
0.9975 0.0008 0.0008 0.0008
0.0017 0.0008 0.9966 0.0008
0.0025 0.9325 0.0008 0.0641
0.0017 0.0691 0.0008 0.9283
0.9949 0.0008 0.0008 0.0034
0.0017 0.0008 0.9958 0.0017
0.0008 0.9368 0.0017 0.0607
0.2344 0.2917 0.2504 0.2234

