MEME version 4

ALPHABET= ACGT

Background letter frequencies:
A 0.2500 C 0.2500 G 0.2500 T 0.2500

MOTIF filter0
letter-probability matrix: alength= 4 w= 15 nsites= 230 E= 0
0.5128 0.4658 0.0171 0.0043
0.0513 0.6923 0.0256 0.2308
0.4359 0.2863 0.1197 0.1581
0.1453 0.1368 0.1538 0.5641
0.2179 0.6923 0.0043 0.0855
0.0043 0.0043 0.0256 0.9658
0.0342 0.0684 0.0043 0.8932
0.7179 0.1496 0.0983 0.0342
0.0385 0.1282 0.8077 0.0256
0.0470 0.0256 0.0214 0.9060
0.0641 0.8205 0.0726 0.0427
0.5641 0.2607 0.1282 0.0470
0.0299 0.1239 0.8376 0.0085
0.0043 0.0043 0.0043 0.9872
0.0641 0.7991 0.1325 0.0043

MOTIF filter1
letter-probability matrix: alength= 4 w= 15 nsites= 13 E= 0
0.5294 0.2941 0.1176 0.0588
0.0588 0.7059 0.1765 0.0588
0.5294 0.3529 0.0588 0.0588
0.2353 0.6471 0.0588 0.0588
0.0588 0.0588 0.7059 0.1765
0.5882 0.0588 0.1765 0.1765
0.0588 0.7059 0.1176 0.1176
0.4118 0.1176 0.0588 0.4118
0.0588 0.7059 0.1765 0.0588
0.2941 0.1765 0.4706 0.0588
0.0588 0.1176 0.6471 0.1765
0.2353 0.0588 0.0588 0.6471
0.0588 0.0588 0.1765 0.7059
0.0588 0.1765 0.5882 0.1765
0.0588 0.1176 0.7647 0.0588

MOTIF filter2
letter-probability matrix: alength= 4 w= 15 nsites= 3349 E= 0
0.2544 0.2419 0.2422 0.2616
0.0877 0.7235 0.0975 0.0913
0.0003 0.0003 0.3719 0.6275
0.0003 0.6299 0.0003 0.3695
0.6284 0.0006 0.3707 0.0003
0.0006 0.0003 0.9988 0.0003
0.0003 0.6257 0.0003 0.3737
0.0003 0.3773 0.0003 0.6221
0.3752 0.6227 0.0018 0.0003
0.0018 0.0006 0.0012 0.9964
0.6311 0.0003 0.3680 0.0006
0.0003 0.0054 0.3704 0.6239
0.0063 0.0006 0.3713 0.6218
0.0009 0.0003 0.0018 0.9970
0.0015 0.0036 0.0042 0.9908

MOTIF filter3
letter-probability matrix: alength= 4 w= 15 nsites= 104 E= 0
0.1111 0.0185 0.3519 0.5185
0.0093 0.0185 0.2315 0.7407
0.5093 0.0463 0.4352 0.0093
0.1852 0.7963 0.0093 0.0093
0.1944 0.7870 0.0093 0.0093
0.3889 0.0185 0.0093 0.5833
0.0556 0.9074 0.0278 0.0093
0.2593 0.1111 0.0278 0.6019
0.1204 0.0185 0.0093 0.8519
0.1204 0.0370 0.2315 0.6111
0.2315 0.5648 0.1111 0.0926
0.0093 0.5833 0.1759 0.2315
0.2500 0.0833 0.3796 0.2870
0.2315 0.0093 0.0648 0.6944
0.1389 0.3426 0.2685 0.2500

MOTIF filter5
letter-probability matrix: alength= 4 w= 15 nsites= 876 E= 0
0.0023 0.0170 0.0023 0.9784
0.0023 0.9943 0.0023 0.0011
0.1091 0.8852 0.0011 0.0045
0.0011 0.0080 0.8705 0.1205
0.0102 0.1091 0.0023 0.8784
0.0034 0.8727 0.1205 0.0034
0.1034 0.8886 0.0057 0.0023
0.0011 0.9932 0.0034 0.0023
0.0011 0.0011 0.9966 0.0011
0.0011 0.0011 0.0011 0.9966
0.9943 0.0011 0.0011 0.0034
0.2193 0.0568 0.5432 0.1807
0.1307 0.4273 0.1170 0.3250
0.1886 0.4330 0.0614 0.3170
0.4023 0.3114 0.1125 0.1739

MOTIF filter6
letter-probability matrix: alength= 4 w= 15 nsites= 3473 E= 0
0.2387 0.2413 0.2678 0.2522
0.0003 0.0072 0.5910 0.4015
0.0003 0.0003 0.0006 0.9988
0.9649 0.0345 0.0003 0.0003
0.0360 0.0003 0.9635 0.0003
0.0003 0.0006 0.0060 0.9931
0.0003 0.9623 0.0368 0.0006
0.3995 0.5614 0.0279 0.0112
0.0003 0.0066 0.9928 0.0003
0.0003 0.0003 0.0003 0.9991
0.0141 0.9580 0.0006 0.0273
0.0003 0.5623 0.3978 0.0397
0.3969 0.5605 0.0003 0.0423
0.0032 0.0069 0.5585 0.4314
0.0058 0.4003 0.0052 0.5887

MOTIF filter7
letter-probability matrix: alength= 4 w= 15 nsites= 1544 E= 0
0.0110 0.9696 0.0161 0.0032
0.5879 0.4109 0.0006 0.0006
0.0142 0.0065 0.5588 0.4205
0.0006 0.4257 0.0401 0.5336
0.3902 0.5891 0.0200 0.0006
0.0006 0.0271 0.9716 0.0006
0.5724 0.4218 0.0052 0.0006
0.0006 0.0006 0.0129 0.9858
0.0006 0.9599 0.0006 0.0388
0.6421 0.0006 0.0013 0.3559
0.6279 0.2442 0.1273 0.0006
0.1764 0.1479 0.2016 0.4742
0.1634 0.1609 0.1292 0.5465
0.1518 0.1841 0.1273 0.5368
0.1673 0.1609 0.1395 0.5323

